902 399
399 434
434 213
213 903
903 248
248 377
377 150
150 997
997 800
800 110
110 974
974 720
720 1158
1158 509
509 605
605 872
872 1179
1179 120
120 520
520 1024
1024 64
64 68
68 546
546 1020
1020 47
47 442
442 43
43 780
780 530
530 1176
1176 180
180 456
456 860
860 678
678 1114
1114 854
854 1159
1159 1152
1152 1191
1191 415
415 508
508 220
220 195
195 317
317 862
862 48
48 612
612 94
94 689
689 34
34 696
696 633
633 837
837 1091
1091 943
943 923
923 173
173 676
676 1116
1116 761
761 439
439 524
524 914
914 1181
1181 542
542 487
487 523
523 973
973 859
859 284
284 502
502 337
337 734
734 1148
1148 958
958 341
341 589
589 420
420 690
690 981
981 27
27 281
281 291
291 185
185 154
154 730
730 499
499 585
585 941
941 823
823 312
312 855
855 246
246 1038
1038 484
484 866
866 904
904 1122
1122 1050
1050 698
698 1198
1198 55
55 758
758 737
737 939
939 100
100 764
764 569
569 324
324 592
592 44
56 395
395 1110
1110 865
865 607
607 970
970 330
330 833
833 163
163 889
889 470
470 892
892 1142
1142 1085
1085 1090
1090 271
271 775
775 389
389 115
115 123
123 292
292 125
125 519
519 795
795 650
650 748
748 59
59 938
938 602
602 843
843 814
814 774
774 8
8 1195
1195 164
164 26
26 817
817 721
721 793
793 511
511 272
272 1131
1131 237
237 397
397 97
97 971
971 713
713 355
355 1170
1170 19
19 116
116 716
716 630
630 1190
1190 925
925 0
0 841
841 455
455 578
578 818
818 1157
1157 1009
1009 295
295 182
182 842
842 1010
1010 966
966 362
362 759
759 1036
1036 560
560 109
109 255
255 606
606 187
187 724
724 564
564 1002
1002 946
946 357
357 478
478 687
687 506
506 1166
1166 130
130 351
351 714
714 131
131 816
816 931
931 96
96 927
927 376
376 824
824 318
318 906
906 52
52 1048
1048 257
257 964
964 269
269 965
965 826
826 832
832 1065
1065 247
247 21
21 486
486 1135
1135 1067
1067 1189
1189 580
580 969
969 430
1030 321
321 363
363 264
264 899
899 575
575 915
915 1196
1196 785
785 134
134 515
515 745
745 383
383 126
126 338
338 228
228 259
259 645
645 651
651 198
198 857
857 209
209 308
308 86
86 1193
1193 1115
1115 176
176 146
146 528
528 701
701 243
243 158
158 38
38 697
697 647
647 433
433 152
152 883
883 1178
1178 547
547 238
238 521
521 782
782 572
572 699
699 453
453 741
741 1031
1031 545
545 1167
1167 454
454 620
620 196
196 621
621 364
364 830
830 760
760 783
783 767
767 184
184 762
762 66
66 825
825 16
16 92
92 712
712 548
548 1174
1174 807
807 531
531 1099
1099 501
501 700
700 242
242 557
557 869
869 1013
1013 93
93 726
726 283
283 207
207 223
223 476
476 1156
543 23
23 323
323 1165
1165 707
707 82
82 910
910 615
615 422
422 222
222 561
561 646
646 538
538 133
133 1082
1082 214
214 959
959 202
202 853
853 367
367 252
252 933
933 298
298 787
787 302
302 586
586 72
72 1022
1022 191
191 58
58 628
628 916
916 458
458 692
692 217
217 563
563 1109
1109 802
802 307
307 1141
1141 325
325 482
482 998
998 950
950 601
601 1180
1180 297
297 985
985 1073
1073 491
491 151
151 661
661 354
354 695
695 186
186 260
260 851
851 61
61 315
315 1021
1021 113
113 641
641 446
446 1004
1004 17
17 583
583 102
102 537
537 1117
1117 684
684 136
136 765
765 1108
1108 443
443 301
301 1039
1039 232
232 885
885 771
771 473
473 1164
1164 1188
1188 492
492 489
489 847
847 498
498 1081
1081 1016
1016 876
876 139
139 768
768 1185
1185 270
270 1019
1019 494
494 660
660 305
305 1186
1186 1051
1051 951
468 197
197 277
277 95
95 982
982 1094
1094 254
254 339
339 746
746 174
174 1155
1155 1049
1049 624
624 642
642 1144
1144 840
840 1112
1112 76
76 609
609 335
335 1023
1023 867
867 405
405 918
918 850
850 882
882 304
304 1068
1068 856
856 913
913 896
896 1088
1088 90
90 559
559 440
440 990
990 1040
1040 639
639 144
144 353
353 1161
1161 522
522 644
644 441
441 932
932 797
797 1000
1000 30
30 101
101 368
368 155
155 1118
1118 480
480 905
905 37
37 1018
1018 505
505 78
78 396
396 1076
1076 976
976 384
384 343
343 121
121 329
329 1012
1012 1087
1087 989
989 347
347 392
392 374
374 1037
1037 513
513 590
590 463
463 135
135 688
688 114
114 79
79 153
153 731
731 553
553 835
835 728
728 299
299 1078
1078 83
83 1111
1111 891
891 1053
1053 1137
1137 983
983 776
776 375
375 503
503 653
653 517
517 75
75 275
275 67
67 444
444 1172
1172 799
799 1071
1071 551
551 957
957 15
15 276
276 448
448 863
863 600
600 108
108 727
727 1005
1005 673
673 868
868 319
319 784
784 921
921 1052
1052 747
747 1136
1136 119
119 940
940 60
60 558
558 963
963 616
616 810
810 756
756 424
424 84
84 118
118 898
898 1055
1055 922
922 285
285 717
717 1138
1138 9
9 1064
1064 13
13 753
753 279
279 1054
1054 1103
1103 618
618 239
239 273
273 962
962 1194
1194 70
70 1095
1095 417
417 1168
1168 132
132 622
622 786
786 215
215 934
934 169
169 393
393 1197
1197 253
253 565
565 1151
1151 49
49 858
858 1105
1105 427
427 777
777 1033
1033 988
988 7
7 398
398 1079
1079 1106
1106 1057
1057 240
240 390
390 211
211 265
265 1035
1035 331
331 526
526 467
467 1163
1163 167
167 350
350 81
81 836
836 6
6 792
792 373
373 725
725 99
99 901
901 655
655 1145
1145 31
31 900
900 495
495 1130
1130 723
723 402
402 421
421 604
604 880
880 507
507 25
25 790
790 28
28 518
518 490
490 924
924 881
881 804
804 22
22 29
29 1119
1119 681
681 544
544 674
674 757
757 140
140 821
821 437
437 280
280 143
143 929
929 846
846 1120
1120 1149
1149 1029
1029 1058
468 197
197 277
277 95
95 1061
1061 1042
1042 234
234 926
926 514
514 407
407 944
944 603
603 562
562 288
288 735
735 631
631 909
909 738
738 327
327 262
262 382
382 1063
1063 77
77 53
53 961
961 703
703 226
226 236
236 550
550 497
497 465
465 12
12 485
485 736
736 704
704 348
348 686
686 682
682 827
827 719
719 789
789 157
157 192
192 149
149 715
715 744
744 1134
1134 1146
1146 36
36 1028
1028 57
57 1200
1200 403
403 1133
1133 370
370 1124
1124 928
928 145
145 496
496 352
352 751
751 1015
1015 671
671 1043
1043 18
18 679
679 579
579 625
625 1182
1182 358
358 218
218 411
411 166
166 596
596 1184
1184 332
332 71
71 475
475 500
500 201
201 2
2 992
992 740
740 677
677 326
326 1128
1128 640
640 838
838 447
447 539
539 1093
1093 1107
1107 834
834 529
529 74
74 462
462 1075
1075 667
667 664
664 549
549 88
88 806
806 1102
1102 177
177 652
652 469
469 221
221 570
570 908
908 4
4 412
412 106
106 414
414 46
46 987
987 80
80 709
709 20
20 886
886 722
722 779
779 917
917 50
50 844
844 778
778 378
378 571
571 588
588 289
289 181
181 852
852 493
493 366
366 634
634 241
241 336
336 54
54 1175
1175 685
685 1123
1123 175
175 263
263 871
871 819
819 613
613 897
897 406
406 1072
1072 387
387 388
388 63
63 975
975 791
791 360
360 303
303 649
649 1100
1100 483
483 577
577 887
887 190
190 87
87 829
829 235
235 525
525 638
638 996
996 14
14 978
978 598
598 229
229 385
385 972
972 949
949 41
41 796
796 1101
1101 535
535 873
873 845
845 911
911 773
773 999
999 128
128 1014
1014 322
322 361
361 742
742 584
584 51
51 65
65 510
510 683
683 942
942 654
654 1017
1017 504
504 739
739 1125
1125 953
953 694
694 266
266 710
710 165
165 556
556 168
168 895
895 1034
1034 210
210 274
274 979
979 669
669 426
426 1187
1187 212
212 626
626 574
574 1047
1047 1066
1066 732
732 172
172 293
293 359
359 449
449 464
464 287
287 340
340 1006
1006 224
224 188
188 311
311 1150
1150 5
5 466
466 208
208 770
770 980
980 1140
1140 461
461 316
316 1011
1011 314
314 636
636 798
798 194
194 309
309 32
32 1183
1183 1199
1199 540
540 117
117 129
129 955
955 245
245 960
960 877
877 894
894 11
11 1113
1113 225
225 112
112 1154
1154 623
623 432
432 39
39 98
98 555
555 42
42 956
956 141
141 33
33 1044
371 1041
1041 436
436 567
567 849
849 460
460 594
594 672
672 1177
1177 1121
1121 766
766 749
749 300
300 62
62 189
189 290
290 670
670 828
828 657
657 919
919 658
658 1096
1096 668
668 691
691 431
431 418
418 1025
1025 611
611 874
874 160
160 656
656 268
268 344
344 423
423 643
643 404
404 619
619 1173
1173 663
663 425
425 416
416 1139
1139 183
183 788
788 333
333 597
597 313
313 637
637 1056
1056 532
532 533
533 69
69 566
566 369
369 193
193 380
380 803
803 294
294 945
945 408
408 1069
1069 381
381 665
665 419
419 675
675 1132
1132 573
573 1077
1077 614
614 334
334 769
769 693
693 1192
1192 948
948 161
161 142
142 893
893 1143
1143 593
593 1003
1003 648
648 170
170 930
930 659
659 111
111 256
256 1104
1104 839
839 231
231 479
479 104
104 822
822 541
541 345
345 870
870 733
733 1162
1162 591
591 400
400 552
552 527
527 278
278 1026
1026 1062
1062 907
907 1126
1126 581
581 808
808 91
91 820
820 148
148 452
452 888
888 410
410 986
986 750
750 379
379 706
706 205
205 1127
1127 296
296 984
984 879
879 864
864 516
516 227
227 848
848 199
199 10
10 230
230 813
813 179
179 805
805 85
85 554
554 156
156 536
250 884
884 754
754 282
282 40
40 662
662 772
772 73
73 702
702 878
878 477
477 1097
1097 752
752 967
967 1086
1086 512
512 809
809 372
372 1060
1060 1070
1070 122
122 952
952 429
429 666
666 356
356 45
45 912
912 320
320 137
137 346
346 3
3 995
995 576
576 1171
1171 705
705 124
124 1080
1080 1008
1008 991
991 24
24 755
755 203
203 608
608 1092
1092 310
310 729
729 138
138 875
875 1059
1059 386
386 438
438 743
743 1098
1098 794
794 812
812 249
249 147
147 391
391 935
935 1046
1046 617
617 890
890 680
680 89
89 1201
1201 1129
1129 781
781 1045
1045 711
711 413
413 1160
1160 1007
1007 936
936 471
471 251
251 488
488 401
401 1001
1001 1083
1083 306
306 1089
1089 587
587 1169
1169 428
428 994
994 1084
1084 993
993 159
159 216
216 342
342 267
267 258
258 162
162 831
831 937
937 763
763 474
474 861
861 582
582 459
459 968
968 233
233 629
629 1032
435 206
206 1027
1027 35
35 204
204 457
457 445
445 481
481 632
632 365
365 811
811 107
107 708
708 718
718 171
171 127
127 286
286 178
178 472
472 815
815 261
261 635
635 595
595 801
801 627
627 328
328 1
1 244
244 200
200 568
568 947
947 450
450 599
599 394
394 534
534 1153
1153 103
103 451
451 105
105 409
250 884
884 754
754 282
282 40
40 662
662 772
772 73
73 702
702 878
878 477
477 1097
1097 752
752 967
967 1086
1086 512
512 809
809 372
372 1060
1060 1070
1070 122
122 952
952 429
429 666
666 356
356 45
45 912
912 320
320 137
137 346
346 3
3 995
995 576
576 1171
1171 705
705 124
124 1080
1080 1008
1008 991
991 24
24 755
755 203
203 608
608 1092
1092 310
310 729
729 138
138 875
875 1059
1059 386
386 438
438 743
743 1098
1098 794
794 812
812 249
249 147
147 391
391 935
935 1046
1046 617
617 890
890 680
680 89
89 1201
1201 1129
1129 781
781 1045
1045 711
711 413
413 1160
1160 1007
1007 936
936 471
471 251
251 488
488 401
401 1001
1001 1083
1083 306
306 1089
1089 587
587 1169
1169 428
428 994
994 1084
1084 993
993 159
159 216
216 342
342 267
267 258
258 162
162 831
831 937
937 763
763 474
474 861
861 582
582 459
459 968
968 233
233 629
629 1032
56 395
395 1110
1110 865
865 607
607 970
970 330
330 833
833 163
163 889
889 470
470 892
892 1142
1142 1085
1085 1090
1090 271
271 775
775 389
389 115
115 123
123 292
292 125
125 519
519 795
795 650
650 748
748 59
59 938
938 602
602 843
843 814
814 774
774 8
8 1195
1195 164
164 26
26 817
817 721
721 793
793 511
511 272
272 1131
1131 237
237 397
397 97
97 971
971 713
713 355
355 1170
1170 19
19 116
116 716
716 630
630 1190
1190 925
925 0
0 841
841 455
455 578
578 818
818 1157
1157 1009
1009 295
295 182
182 842
842 1010
1010 966
966 362
362 759
759 1036
1036 560
560 109
109 255
255 606
606 187
187 724
724 564
564 1002
1002 946
946 357
357 478
478 687
687 506
506 1166
1166 130
130 351
351 714
714 131
131 816
816 931
931 96
96 927
927 376
376 824
824 318
318 906
906 52
52 1048
1048 257
257 964
964 269
269 965
965 826
826 832
832 1065
1065 247
247 21
21 486
486 1135
1135 1067
1067 1189
1189 580
580 969
969 430
1030 321
321 363
363 264
264 899
899 575
575 915
915 1196
1196 785
785 134
134 515
515 745
745 383
383 126
126 338
338 228
228 259
259 645
645 651
651 198
198 857
857 209
209 308
308 86
86 1193
1193 1115
1115 176
176 146
146 528
528 701
701 243
243 158
158 38
38 697
697 647
647 433
433 152
152 883
883 1178
1178 547
547 238
238 521
521 782
782 572
572 699
699 453
453 741
741 1031
1031 545
545 1167
1167 454
454 620
620 196
196 621
621 364
364 830
830 760
760 783
783 767
767 184
184 762
762 66
66 825
825 16
16 92
92 712
712 548
548 1174
1174 807
807 531
531 1099
1099 501
501 700
700 242
242 557
557 869
869 1013
1013 93
93 726
726 283
283 207
207 223
223 476
476 1156
435 206
206 1027
1027 35
35 204
204 457
457 445
445 481
481 632
632 365
365 811
811 107
107 708
708 718
718 171
171 127
127 286
286 178
178 472
472 815
815 261
261 635
635 595
595 801
801 627
627 328
328 1
1 244
244 200
200 568
568 947
947 450
450 599
599 394
394 534
534 1153
1153 103
103 451
451 105
105 409
1147 920
920 954
954 219
219 977
977 610
610 1074
1074 349
