org_entity_id new_entity_id
2050 0
2054 1
2068 2
2069 3
4117 4
2072 5
2075 6
41 7
2858 8
2096 9
49 10
51 11
53 12
54 13
2102 14
56 15
57 16
2101 17
2107 18
60 19
61 20
2109 21
2110 22
2103 23
67 24
69 25
70 26
71 27
2120 28
2118 29
76 30
6221 31
78 32
80 33
81 34
82 35
85 36
88 37
89 38
90 39
2139 40
92 41
93 42
2141 43
95 44
96 45
97 46
2146 47
99 48
100 49
101 50
102 51
103 52
2147 53
2149 54
2145 55
4198 56
110 57
2159 58
2163 59
118 60
119 61
120 62
121 63
122 64
2169 65
4215 66
2173 67
4219 68
4223 69
4224 70
4225 71
4226 72
131 73
132 74
133 75
2182 76
2181 77
2180 78
137 79
4229 80
4234 81
140 82
141 83
2190 84
143 85
144 86
145 87
2191 88
148 89
149 90
2198 91
2199 92
152 93
153 94
154 95
155 96
156 97
157 98
158 99
159 100
2202 101
161 102
2206 103
2209 104
164 105
166 106
167 107
168 108
169 109
170 110
171 111
172 112
173 113
174 114
175 115
2217 116
177 117
178 118
2225 119
180 120
181 121
2222 122
186 123
187 124
2236 125
189 126
190 127
192 128
193 129
194 130
2242 131
196 132
203 133
206 134
207 135
208 136
209 137
2255 138
2254 139
2258 140
213 141
2265 142
218 143
2267 144
2266 145
221 146
222 147
223 148
224 149
2270 150
2276 151
229 152
231 153
232 154
233 155
234 156
235 157
236 158
2288 159
2293 160
252 161
2303 162
256 163
2304 164
2306 165
2314 166
2316 167
2317 168
273 169
275 170
2324 171
277 172
278 173
279 174
4371 175
4372 176
4373 177
4374 178
4376 179
2333 180
4377 181
4378 182
4381 183
2338 184
2341 185
2342 186
2343 187
2344 188
299 189
300 190
2349 191
2350 192
305 193
307 194
308 195
309 196
2356 197
2359 198
312 199
313 200
2361 201
2363 202
2366 203
2367 204
2368 205
6464 206
2370 207
2371 208
2372 209
2373 210
2374 211
6463 212
6465 213
6466 214
330 215
2379 216
2380 217
2381 218
6469 219
6470 220
6473 221
2388 222
341 223
342 224
6486 225
344 226
346 227
347 228
2396 229
2397 230
352 231
353 232
2404 233
2405 234
2406 235
2407 236
2408 237
361 238
2410 239
2412 240
2413 241
368 242
2416 243
375 244
2424 245
377 246
379 247
2429 248
382 249
6996 250
6530 251
387 252
393 253
2441 254
2442 255
2443 256
2445 257
398 258
2448 259
2449 260
402 261
2451 262
405 263
2455 264
408 265
2459 266
6559 267
2464 268
2465 269
418 270
421 271
2933 272
2471 273
425 274
2473 275
427 276
428 277
2476 278
2478 279
2475 280
2477 281
2934 282
2483 283
436 284
440 285
2495 286
448 287
2496 288
2499 289
2500 290
453 291
454 292
2502 293
456 294
457 295
2505 296
2507 297
460 298
2504 299
462 300
463 301
2512 302
465 303
466 304
2515 305
2516 306
469 307
2514 308
2519 309
474 310
2522 311
476 312
2525 313
478 314
481 315
2530 316
483 317
2529 318
485 319
490 320
494 321
495 322
2544 323
497 324
498 325
499 326
2545 327
4596 328
4597 329
503 330
504 331
505 332
506 333
2551 334
4598 335
4603 336
4599 337
4602 338
4600 339
4601 340
4604 341
515 342
4608 343
4606 344
4609 345
4607 346
4610 347
4611 348
522 349
523 350
524 351
6668 352
526 353
527 354
528 355
534 356
535 357
536 358
2142 359
2143 360
543 361
548 362
2144 363
555 364
2607 365
2609 366
2610 367
2611 368
563 369
2613 370
2614 371
2612 372
570 373
571 374
572 375
573 376
574 377
2622 378
2625 379
2629 380
597 381
603 382
606 383
607 384
608 385
609 386
2657 387
611 388
2655 389
613 390
2662 391
2663 392
2661 393
4708 394
618 395
619 396
620 397
2668 398
2670 399
2672 400
625 401
627 402
629 403
2677 404
633 405
2682 406
638 407
2686 408
2688 409
641 410
642 411
644 412
2696 413
649 414
2698 415
651 416
652 417
2699 418
2703 419
2704 420
2705 421
659 422
660 423
2714 424
2715 425
2716 426
669 427
2717 428
675 429
2724 430
677 431
678 432
2727 433
6242 434
2737 435
2739 436
692 437
693 438
695 439
700 440
2750 441
2755 442
2756 443
2757 444
2758 445
2760 446
2761 447
2762 448
2763 449
2764 450
717 451
719 452
720 453
721 454
722 455
723 456
724 457
725 458
2774 459
6870 460
2776 461
2777 462
2779 463
2780 464
2781 465
6879 466
2784 467
738 468
739 469
741 470
743 471
744 472
2792 473
746 474
747 475
748 476
749 477
750 478
2794 479
752 480
753 481
2800 482
2998 483
756 484
757 485
4849 486
759 487
760 488
761 489
762 490
763 491
2808 492
2813 493
766 494
767 495
2816 496
769 497
2817 498
2818 499
772 500
2815 501
774 502
2823 503
776 504
778 505
2828 506
782 507
4878 508
784 509
4879 510
4885 511
2838 512
4886 513
793 514
794 515
795 516
796 517
797 518
798 519
799 520
800 521
2844 522
802 523
803 524
2850 525
805 526
2854 527
809 528
2857 529
2859 530
2860 531
2861 532
2862 533
815 534
816 535
2863 536
818 537
819 538
2865 539
2869 540
822 541
823 542
2874 543
827 544
828 545
2875 546
2879 547
834 548
2883 549
836 550
2884 551
838 552
839 553
840 554
841 555
842 556
3016 557
2893 558
848 559
2896 560
850 561
2899 562
2898 563
2901 564
3019 565
2903 566
2900 567
2905 568
2902 569
2907 570
2908 571
2906 572
6275 573
2914 574
867 575
2915 576
2917 577
2918 578
871 579
3022 580
7012 581
3023 582
875 583
876 584
877 585
879 586
880 587
881 588
882 589
883 590
2932 591
885 592
886 593
887 594
888 595
889 596
890 597
891 598
892 599
893 600
2940 601
895 602
3026 603
897 604
2941 605
899 606
900 607
2952 608
2953 609
907 610
908 611
909 612
910 613
911 614
912 615
2960 616
2959 617
2963 618
918 619
919 620
920 621
2967 622
922 623
2971 624
924 625
2973 626
926 627
2975 628
929 629
930 630
931 631
2979 632
933 633
934 634
2981 635
937 636
2987 637
2990 638
2991 639
946 640
950 641
951 642
952 643
953 644
954 645
955 646
956 647
957 648
958 649
959 650
960 651
961 652
962 653
963 654
3007 655
3013 656
3014 657
968 658
969 659
970 660
971 661
972 662
973 663
974 664
975 665
3024 666
3020 667
3018 668
3027 669
980 670
981 671
982 672
983 673
984 674
985 675
3028 676
3029 677
3032 678
3031 679
993 680
994 681
995 682
1001 683
3050 684
3051 685
1006 686
1007 687
1008 688
1011 689
1012 690
5493 691
1015 692
1022 693
1023 694
5495 695
1025 696
1026 697
1027 698
1029 699
1030 700
1031 701
5126 702
1033 703
1036 704
1037 705
1039 706
1041 707
1042 708
1044 709
1046 710
1047 711
1049 712
1051 713
1052 714
1053 715
1054 716
1055 717
3099 718
1057 719
1060 720
1061 721
1063 722
1064 723
1065 724
3117 725
3118 726
3119 727
1075 728
1080 729
1081 730
1084 731
3136 732
5184 733
1093 734
5190 735
1096 736
5193 737
3149 738
1101 739
1103 740
1104 741
1105 742
1106 743
1107 744
3153 745
3151 746
1111 747
1112 748
1113 749
1116 750
1117 751
3164 752
1119 753
3168 754
3169 755
1122 756
1124 757
1125 758
3172 759
1127 760
1130 761
1133 762
1134 763
1137 764
1139 765
1140 766
1142 767
3191 768
1144 769
1145 770
3192 771
1147 772
1148 773
3190 774
1150 775
1151 776
3197 777
1155 778
1156 779
1157 780
1159 781
1160 782
3207 783
1162 784
1163 785
3212 786
3208 787
1166 788
3213 789
1168 790
1169 791
1170 792
1171 793
1172 794
3215 795
1175 796
1176 797
1177 798
1178 799
3227 800
1180 801
1181 802
1182 803
1183 804
3226 805
3233 806
1186 807
1187 808
1188 809
3234 810
1190 811
1191 812
3240 813
1193 814
1194 815
1198 816
1201 817
1203 818
1208 819
3263 820
3264 821
1218 822
1219 823
1220 824
1221 825
3267 826
3268 827
3272 828
3275 829
3277 830
1243 831
1244 832
1250 833
3299 834
1253 835
3305 836
3307 837
3308 838
3310 839
3311 840
3313 841
3315 842
3316 843
3318 844
3320 845
3322 846
3323 847
1277 848
1279 849
1287 850
1291 851
1294 852
1300 853
1301 854
1305 855
1308 856
1314 857
1318 858
1320 859
1327 860
1331 861
1333 862
1342 863
3396 864
3397 865
1350 866
3399 867
3398 868
3402 869
5452 870
5453 871
5454 872
5455 873
5456 874
5457 875
3410 876
5458 877
3412 878
3413 879
3414 880
3415 881
5459 882
1370 883
3419 884
3425 885
5473 886
5475 887
3428 888
1381 889
3430 890
1383 891
3432 892
5476 893
5477 894
5483 895
5479 896
1389 897
3438 898
3439 899
5481 900
5490 901
1395 902
3444 903
1397 904
1398 905
3447 906
3448 907
3449 908
5494 909
1403 910
1404 911
1405 912
1406 913
3455 914
3452 915
3457 916
3458 917
3466 918
1419 919
3468 920
3469 921
1423 922
3472 923
3476 924
3477 925
3485 926
3488 927
3492 928
3496 929
1452 930
1454 931
1455 932
1456 933
1462 934
1466 935
1467 936
1470 937
1472 938
5568 939
1474 940
1475 941
1481 942
1488 943
3537 944
1492 945
1493 946
3540 947
1495 948
3541 949
1497 950
3545 951
1501 952
1502 953
1503 954
1504 955
3552 956
3555 957
1509 958
3559 959
1515 960
1516 961
1517 962
1518 963
1519 964
3564 965
1522 966
1526 967
1527 968
1542 969
3592 970
1547 971
1548 972
1552 973
3625 974
3634 975
1591 976
3640 977
1594 978
3645 979
3646 980
1600 981
1603 982
1604 983
1605 984
1606 985
1621 986
1624 987
1625 988
1628 989
1630 990
1631 991
1632 992
1634 993
1635 994
1642 995
1643 996
1650 997
1651 998
1652 999
1653 1000
1654 1001
1655 1002
1656 1003
1657 1004
1658 1005
3700 1006
1664 1007
1673 1008
1674 1009
1675 1010
3722 1011
3726 1012
3730 1013
1685 1014
1686 1015
1687 1016
1688 1017
3733 1018
1690 1019
1693 1020
1695 1021
1697 1022
3753 1023
1707 1024
1708 1025
1709 1026
1713 1027
1715 1028
1717 1029
1727 1030
1729 1031
1744 1032
1745 1033
1746 1034
3799 1035
3801 1036
1754 1037
3804 1038
1760 1039
1761 1040
1762 1041
1764 1042
1765 1043
3814 1044
4222 1045
1768 1046
3001 1047
3821 1048
1778 1049
1786 1050
3836 1051
3837 1052
1792 1053
1793 1054
1796 1055
3850 1056
1805 1057
1807 1058
1810 1059
6467 1060
6468 1061
3874 1062
2807 1063
1837 1064
1839 1065
1841 1066
1844 1067
1845 1068
1846 1069
3893 1070
1848 1071
1850 1072
1863 1073
1867 1074
3915 1075
1869 1076
3925 1077
3926 1078
1880 1079
1891 1080
1894 1081
1895 1082
1905 1083
1906 1084
1913 1085
1919 1086
3231 1087
4228 1088
1923 1089
1924 1090
1926 1091
3974 1092
1931 1093
3980 1094
1936 1095
3988 1096
1943 1097
1946 1098
1948 1099
1950 1100
1959 1101
1963 1102
1970 1103
4021 1104
4024 1105
1982 1106
1984 1107
1988 1108
1991 1109
1992 1110
1994 1111
1996 1112
1999 1113
4057 1114
2013 1115
2014 1116
2015 1117
4063 1118
4066 1119
2024 1120
4079 1121
2032 1122
2033 1123
2036 1124
2037 1125
2045 1126
1 1127
2 1128
8 1129
9 1130
10 1131
12 1132
15 1133
16 1134
17 1135
18 1136
19 1137
20 1138
22 1139
128 1140
2 1141
4 1142
5 1143
6 1144
7 1145
8 1146
10 1147
25 1148
26 1149
27 1150
28 1151
29 1152
30 1153
31 1154
32 1155
33 1156
34 1157
38 1158
43 1159
47 1160
49 1161
51 1162
59 1163
61 1164
62 1165
63 1166
72 1167
73 1168
74 1169
75 1170
77 1171
79 1172
80 1173
81 1174
82 1175
83 1176
84 1177
85 1178
86 1179
89 1180
90 1181
91 1182
92 1183
95 1184
97 1185
98 1186
101 1187
102 1188
105 1189
114 1190
120 1191
121 1192
122 1193
124 1194
125 1195
126 1196
127 1197
8192 1198
8193 1199
8194 1200
8195 1201
8204 1202
8205 1203
8208 1204
8209 1205
8211 1206
8212 1207
8213 1208
8214 1209
8215 1210
8216 1211
8217 1212
8218 1213
8219 1214
8220 1215
8221 1216
8222 1217
8223 1218
8224 1219
8225 1220
8226 1221
8227 1222
8228 1223
8229 1224
8230 1225
8233 1226
8234 1227
8235 1228
8236 1229
8237 1230
8238 1231
8239 1232
8240 1233
8257 1234
8258 1235
8259 1236
8260 1237
69 1238
70 1239
71 1240
72 1241
73 1242
74 1243
75 1244
8261 1245
8262 1246
8263 1247
8269 1248
80 1249
81 1250
82 1251
8274 1252
8270 1253
8272 1254
8273 1255
16469 1256
16470 1257
16471 1258
90 1259
91 1260
92 1261
16476 1262
8286 1263
16477 1264
16478 1265
97 1266
98 1267
99 1268
100 1269
101 1270
102 1271
103 1272
104 1273
105 1274
106 1275
107 1276
108 1277
109 1278
16485 1279
16486 1280
16487 1281
16488 1282
114 1283
115 1284
116 1285
117 1286
118 1287
119 1288
120 1289
121 1290
16497 1291
16498 1292
135 1293
136 1294
137 1295
8327 1296
139 1297
140 1298
141 1299
142 1300
143 1301
144 1302
145 1303
146 1304
8335 1305
8336 1306
8341 1307
8342 1308
8343 1309
8345 1310
8346 1311
8347 1312
8348 1313
8349 1314
8350 1315
159 1316
160 1317
161 1318
162 1319
8351 1320
8352 1321
8353 1322
166 1323
167 1324
168 1325
169 1326
170 1327
171 1328
172 1329
173 1330
174 1331
175 1332
176 1333
177 1334
178 1335
179 1336
180 1337
181 1338
8365 1339
8369 1340
8370 1341
16560 1342
16561 1343
8379 1344
16565 1345
189 1346
190 1347
191 1348
192 1349
193 1350
194 1351
195 1352
196 1353
197 1354
198 1355
199 1356
200 1357
201 1358
202 1359
203 1360
204 1361
205 1362
8398 1363
207 1364
208 1365
209 1366
210 1367
211 1368
212 1369
213 1370
214 1371
215 1372
216 1373
217 1374
218 1375
219 1376
220 1377
221 1378
222 1379
223 1380
8407 1381
8415 1382
8416 1383
8418 1384
228 1385
229 1386
230 1387
231 1388
232 1389
233 1390
234 1391
235 1392
8426 1393
8428 1394
8430 1395
8431 1396
8425 1397
8427 1398
8434 1399
243 1400
244 1401
245 1402
246 1403
8435 1404
16624 1405
16625 1406
8442 1407
16626 1408
16627 1409
16628 1410
8446 1411
8447 1412
257 1413
8450 1414
8449 1415
13361 1416
261 1417
263 1418
8455 1419
267 1420
268 1421
8461 1422
11451 1423
11452 1424
276 1425
278 1426
279 1427
280 1428
281 1429
282 1430
283 1431
284 1432
13362 1433
8478 1434
8479 1435
288 1436
289 1437
290 1438
291 1439
292 1440
293 1441
294 1442
295 1443
296 1444
297 1445
298 1446
299 1447
300 1448
301 1449
302 1450
303 1451
304 1452
305 1453
306 1454
307 1455
308 1456
13363 1457
8502 1458
8503 1459
8504 1460
313 1461
314 1462
315 1463
316 1464
8505 1465
8506 1466
323 1467
324 1468
325 1469
326 1470
8518 1471
8522 1472
8524 1473
8525 1474
8526 1475
8527 1476
8528 1477
13364 1478
8530 1479
8531 1480
8532 1481
8534 1482
8536 1483
8537 1484
349 1485
350 1486
351 1487
8542 1488
8544 1489
8545 1490
16621 1491
356 1492
357 1493
358 1494
8549 1495
360 1496
361 1497
362 1498
8550 1499
8555 1500
365 1501
8556 1502
8557 1503
368 1504
8558 1505
8562 1506
371 1507
8563 1508
8565 1509
374 1510
8566 1511
8567 1512
8568 1513
8570 1514
379 1515
380 1516
381 1517
382 1518
383 1519
8573 1520
385 1521
386 1522
387 1523
8574 1524
389 1525
390 1526
391 1527
392 1528
8576 1529
8579 1530
8580 1531
8581 1532
8587 1533
8590 1534
399 1535
400 1536
401 1537
402 1538
403 1539
404 1540
8593 1541
406 1542
407 1543
8592 1544
409 1545
410 1546
412 1547
413 1548
414 1549
415 1550
416 1551
417 1552
418 1553
419 1554
420 1555
421 1556
422 1557
423 1558
424 1559
425 1560
426 1561
427 1562
428 1563
429 1564
431 1565
432 1566
433 1567
434 1568
438 1569
439 1570
440 1571
442 1572
444 1573
445 1574
446 1575
447 1576
448 1577
449 1578
450 1579
451 1580
452 1581
453 1582
454 1583
455 1584
456 1585
457 1586
458 1587
459 1588
461 1589
462 1590
463 1591
464 1592
465 1593
466 1594
467 1595
468 1596
469 1597
470 1598
471 1599
472 1600
473 1601
474 1602
475 1603
476 1604
477 1605
8670 1606
8676 1607
8681 1608
491 1609
492 1610
493 1611
494 1612
495 1613
496 1614
497 1615
498 1616
499 1617
501 1618
502 1619
503 1620
504 1621
505 1622
506 1623
507 1624
8694 1625
509 1626
8700 1627
511 1628
512 1629
513 1630
514 1631
8708 1632
518 1633
519 1634
520 1635
521 1636
522 1637
523 1638
524 1639
525 1640
526 1641
527 1642
528 1643
529 1644
530 1645
531 1646
532 1647
533 1648
8721 1649
8727 1650
536 1651
537 1652
538 1653
539 1654
540 1655
8729 1656
8730 1657
8731 1658
8736 1659
8737 1660
8738 1661
547 1662
548 1663
549 1664
550 1665
551 1666
552 1667
553 1668
554 1669
8741 1670
8746 1671
8745 1672
16937 1673
562 1674
563 1675
564 1676
569 1677
573 1678
574 1679
578 1680
580 1681
581 1682
582 1683
583 1684
584 1685
588 1686
589 1687
591 1688
592 1689
593 1690
594 1691
595 1692
597 1693
598 1694
600 1695
601 1696
602 1697
607 1698
608 1699
8799 1700
610 1701
611 1702
612 1703
8805 1704
9890 1705
11520 1706
621 1707
8813 1708
623 1709
8814 1710
629 1711
635 1712
636 1713
637 1714
638 1715
639 1716
8840 1717
8841 1718
650 1719
651 1720
8842 1721
653 1722
654 1723
8847 1724
8848 1725
658 1726
9900 1727
660 1728
661 1729
662 1730
663 1731
8861 1732
8862 1733
8863 1734
683 1735
684 1736
686 1737
687 1738
697 1739
698 1740
8891 1741
700 1742
8893 1743
8894 1744
8890 1745
705 1746
706 1747
707 1748
708 1749
8897 1750
710 1751
8903 1752
8900 1753
17089 1754
719 1755
722 1756
723 1757
8916 1758
11542 1759
8927 1760
8929 1761
8932 1762
8933 1763
8934 1764
8935 1765
8936 1766
8937 1767
8938 1768
8939 1769
8940 1770
8941 1771
8942 1772
8943 1773
8944 1774
8945 1775
8946 1776
8947 1777
8948 1778
8957 1779
8958 1780
8960 1781
773 1782
774 1783
775 1784
776 1785
17160 1786
779 1787
780 1788
781 1789
782 1790
784 1791
785 1792
8977 1793
8979 1794
8980 1795
8981 1796
8982 1797
791 1798
792 1799
793 1800
794 1801
795 1802
796 1803
8985 1804
8989 1805
8990 1806
8991 1807
801 1808
803 1809
805 1810
806 1811
9017 1812
9018 1813
9024 1814
9031 1815
9032 1816
9033 1817
9035 1818
9036 1819
9037 1820
9038 1821
9039 1822
9040 1823
9042 1824
9043 1825
854 1826
9050 1827
9051 1828
9052 1829
9055 1830
9056 1831
9057 1832
866 1833
867 1834
868 1835
869 1836
9058 1837
9059 1838
9064 1839
9060 1840
874 1841
875 1842
876 1843
9063 1844
878 1845
879 1846
880 1847
9081 1848
9082 1849
9083 1850
9084 1851
893 1852
9085 1853
9094 1854
9120 1855
929 1856
930 1857
932 1858
9125 1859
936 1860
937 1861
938 1862
939 1863
940 1864
941 1865
942 1866
16472 1867
8331 1868
16473 1869
8332 1870
16474 1871
8333 1872
967 1873
968 1874
969 1875
16475 1876
8334 1877
972 1878
973 1879
975 1880
976 1881
977 1882
978 1883
979 1884
980 1885
982 1886
983 1887
989 1888
990 1889
991 1890
16479 1891
16480 1892
9190 1893
16481 1894
16482 1895
16483 1896
1012 1897
1013 1898
1014 1899
1015 1900
1016 1901
1017 1902
1018 1903
16484 1904
9213 1905
9214 1906
1023 1907
9215 1908
9227 1909
9232 1910
16489 1911
1043 1912
16490 1913
1047 1914
1048 1915
1049 1916
9241 1917
16491 1918
16492 1919
1061 1920
16493 1921
16494 1922
16495 1923
8354 1924
9267 1925
16496 1926
8355 1927
1082 1928
1083 1929
9276 1930
9277 1931
1087 1932
1088 1933
9283 1934
1094 1935
1095 1936
1096 1937
1097 1938
1098 1939
1099 1940
8359 1941
8360 1942
1105 1943
1106 1944
1107 1945
1108 1946
8361 1947
9300 1948
8362 1949
1113 1950
1114 1951
1115 1952
8363 1953
1118 1954
8364 1955
1125 1956
1126 1957
1127 1958
1128 1959
1129 1960
1130 1961
1131 1962
1132 1963
1133 1964
8366 1965
9329 1966
9337 1967
9343 1968
9344 1969
9345 1970
9346 1971
9347 1972
1158 1973
1163 1974
9358 1975
1176 1976
1177 1977
1178 1978
1179 1979
1181 1980
1182 1981
9375 1982
9376 1983
9379 1984
9380 1985
1193 1986
9385 1987
9387 1988
1198 1989
1199 1990
1200 1991
1201 1992
1202 1993
1203 1994
1204 1995
9390 1996
9398 1997
9391 1998
9394 1999
9401 2000
9402 2001
8382 2002
8383 2003
1235 2004
1236 2005
1242 2006
1243 2007
1244 2008
1245 2009
1246 2010
8388 2011
8389 2012
8390 2013
1257 2014
1259 2015
1260 2016
1261 2017
8394 2018
1294 2019
8399 2020
1301 2021
16541 2022
1303 2023
1304 2024
1305 2025
1306 2026
1312 2027
1313 2028
1314 2029
1315 2030
1316 2031
1317 2032
16543 2033
8404 2034
16545 2035
1328 2036
1329 2037
1330 2038
1331 2039
8405 2040
1336 2041
1338 2042
16549 2043
1351 2044
1352 2045
1353 2046
1354 2047
1355 2048
1356 2049
1357 2050
16551 2051
1359 2052
16552 2053
1361 2054
1362 2055
16554 2056
1369 2057
1371 2058
1373 2059
1374 2060
1375 2061
1376 2062
16556 2063
11672 2064
1382 2065
1383 2066
1384 2067
1385 2068
1386 2069
11673 2070
16557 2071
16558 2072
11674 2073
16559 2074
1396 2075
1399 2076
1400 2077
1401 2078
1402 2079
1406 2080
1407 2081
1408 2082
16562 2083
1410 2084
1411 2085
1412 2086
8422 2087
1416 2088
1417 2089
1418 2090
1425 2091
1426 2092
1427 2093
1428 2094
1429 2095
16566 2096
16567 2097
16568 2098
1440 2099
1441 2100
1447 2101
1448 2102
1449 2103
16570 2104
1457 2105
1458 2106
16572 2107
1462 2108
1464 2109
1465 2110
1467 2111
1472 2112
16575 2113
1474 2114
1475 2115
1476 2116
1477 2117
1478 2118
1479 2119
1480 2120
1481 2121
1482 2122
1483 2123
16577 2124
16578 2125
9682 2126
1495 2127
9687 2128
1497 2129
1498 2130
16580 2131
1500 2132
1501 2133
1502 2134
1503 2135
1504 2136
1505 2137
9697 2138
9692 2139
16581 2140
16619 2141
19839 2142
16583 2143
9707 2144
1526 2145
1527 2146
1528 2147
1529 2148
9722 2149
1531 2150
9723 2151
9725 2152
9726 2153
19843 2154
19844 2155
9732 2156
1541 2157
9733 2158
1543 2159
1544 2160
1545 2161
1546 2162
1547 2163
1548 2164
1549 2165
1550 2166
1551 2167
1552 2168
1553 2169
9738 2170
1555 2171
1556 2172
1557 2173
1558 2174
1559 2175
1560 2176
1561 2177
1562 2178
1563 2179
1564 2180
19848 2181
1566 2182
9762 2183
19851 2184
9765 2185
9766 2186
1577 2187
1578 2188
1579 2189
1580 2190
1581 2191
9771 2192
9773 2193
9770 2194
9777 2195
1586 2196
1587 2197
1588 2198
19853 2199
19854 2200
19855 2201
9787 2202
19856 2203
9790 2204
1599 2205
1602 2206
1603 2207
1604 2208
1605 2209
19857 2210
19858 2211
9804 2212
1613 2213
1614 2214
1615 2215
9808 2216
9809 2217
19859 2218
1619 2219
9812 2220
19860 2221
9814 2222
9815 2223
19861 2224
19862 2225
9821 2226
9822 2227
9824 2228
19863 2229
9827 2230
19864 2231
9833 2232
19865 2233
9835 2234
9836 2235
9837 2236
9838 2237
9839 2238
9840 2239
9841 2240
19866 2241
16609 2242
19867 2243
19868 2244
9851 2245
16612 2246
1663 2247
1664 2248
1665 2249
9857 2250
9858 2251
9860 2252
19870 2253
16614 2254
9872 2255
16616 2256
9874 2257
13360 2258
1687 2259
1688 2260
1689 2261
1690 2262
9880 2263
1692 2264
9881 2265
1694 2266
1695 2267
9887 2268
1697 2269
1698 2270
1699 2271
1700 2272
1701 2273
1702 2274
1703 2275
1704 2276
1705 2277
8480 2278
1707 2279
1708 2280
9892 2281
1710 2282
9894 2283
9903 2284
9904 2285
1714 2286
9905 2287
1716 2288
9906 2289
9907 2290
16622 2291
16623 2292
9914 2293
9921 2294
9923 2295
9924 2296
9926 2297
9928 2298
9929 2299
9933 2300
9934 2301
8491 2302
1765 2303
1778 2304
1782 2305
1783 2306
1784 2307
1788 2308
1790 2309
1791 2310
1793 2311
1794 2312
1795 2313
1798 2314
1799 2315
1800 2316
1801 2317
1802 2318
1803 2319
1804 2320
1807 2321
1808 2322
1809 2323
10002 2324
1812 2325
1813 2326
10004 2327
1816 2328
1817 2329
10008 2330
10012 2331
1822 2332
1823 2333
10020 2334
1830 2335
10022 2336
1832 2337
1833 2338
1834 2339
1835 2340
1837 2341
1838 2342
1839 2343
1840 2344
1841 2345
1842 2346
1843 2347
1844 2348
1845 2349
1846 2350
10030 2351
1861 2352
1862 2353
1864 2354
1868 2355
1869 2356
1870 2357
1873 2358
1879 2359
1880 2360
1881 2361
10088 2362
10089 2363
21544 2364
21545 2365
1904 2366
1907 2367
1908 2368
10100 2369
1914 2370
10107 2371
10108 2372
1919 2373
1926 2374
10119 2375
1928 2376
10120 2377
10118 2378
1932 2379
1935 2380
1936 2381
1937 2382
21552 2383
1939 2384
1940 2385
1944 2386
1946 2387
1947 2388
1952 2389
1953 2390
10148 2391
10150 2392
10153 2393
1962 2394
1963 2395
1964 2396
1965 2397
10154 2398
1967 2399
10155 2400
1972 2401
1975 2402
1979 2403
1980 2404
1981 2405
10174 2406
1983 2407
10176 2408
10177 2409
1986 2410
1987 2411
1988 2412
1989 2413
1990 2414
1991 2415
10183 2416
10184 2417
10187 2418
1998 2419
2012 2420
2017 2421
2018 2422
10172 2423
18412 2424
10173 2425
10175 2426
2042 2427
2043 2428
2044 2429
2045 2430
2046 2431
2047 2432
2048 2433
2049 2434
8548 2435
2051 2436
2058 2437
2059 2438
2061 2439
2062 2440
2064 2441
2065 2442
2066 2443
2068 2444
2069 2445
2070 2446
2072 2447
2074 2448
10269 2449
8554 2450
2086 2451
2087 2452
2090 2453
2092 2454
2093 2455
2094 2456
10290 2457
2100 2458
2102 2459
2103 2460
2104 2461
2105 2462
2106 2463
2107 2464
8559 2465
10294 2466
2110 2467
2113 2468
2114 2469
2115 2470
2116 2471
2117 2472
2118 2473
2119 2474
2120 2475
2121 2476
2122 2477
2123 2478
2124 2479
10309 2480
2128 2481
2139 2482
2140 2483
2141 2484
10332 2485
10334 2486
2144 2487
2146 2488
10339 2489
2148 2490
2149 2491
2150 2492
2151 2493
10343 2494
2153 2495
8569 2496
2155 2497
2156 2498
2157 2499
2158 2500
2159 2501
2160 2502
2161 2503
2162 2504
8571 2505
2165 2506
2166 2507
2167 2508
2168 2509
2169 2510
2170 2511
2171 2512
2172 2513
2173 2514
8572 2515
2175 2516
2176 2517
2177 2518
2178 2519
2179 2520
2180 2521
2181 2522
8575 2523
2184 2524
2185 2525
2186 2526
2187 2527
2188 2528
2189 2529
2190 2530
2191 2531
2192 2532
2193 2533
2194 2534
10378 2535
10379 2536
2197 2537
2198 2538
2199 2539
2200 2540
2201 2541
2202 2542
2203 2543
2204 2544
8578 2545
2206 2546
2207 2547
2208 2548
2209 2549
2211 2550
2212 2551
2213 2552
2214 2553
2215 2554
2216 2555
2217 2556
2218 2557
2219 2558
2220 2559
2221 2560
2222 2561
2223 2562
2224 2563
2225 2564
2226 2565
2227 2566
2228 2567
2229 2568
2230 2569
2231 2570
2232 2571
2233 2572
2234 2573
8584 2574
8585 2575
2237 2576
2238 2577
8586 2578
2240 2579
2241 2580
10426 2581
2243 2582
2244 2583
2245 2584
2246 2585
8588 2586
2253 2587
2254 2588
8589 2589
2258 2590
2260 2591
2261 2592
2262 2593
2263 2594
2264 2595
2265 2596
2266 2597
10458 2598
2268 2599
2269 2600
2270 2601
2271 2602
2272 2603
2273 2604
2274 2605
2275 2606
2276 2607
2277 2608
10466 2609
10467 2610
10468 2611
10465 2612
10469 2613
2283 2614
2284 2615
2285 2616
2286 2617
2287 2618
10471 2619
2292 2620
2293 2621
2294 2622
2295 2623
2302 2624
2304 2625
2306 2626
2308 2627
2311 2628
2345 2629
2349 2630
2350 2631
2351 2632
2352 2633
2356 2634
2357 2635
2359 2636
2360 2637
2361 2638
2362 2639
2363 2640
2364 2641
2367 2642
2368 2643
2369 2644
2370 2645
2371 2646
2372 2647
2373 2648
2374 2649
2375 2650
2376 2651
2377 2652
2378 2653
2379 2654
2380 2655
2384 2656
2385 2657
2387 2658
2388 2659
2389 2660
2390 2661
2394 2662
2395 2663
2397 2664
2398 2665
2399 2666
2400 2667
2401 2668
2402 2669
2403 2670
2404 2671
2405 2672
2406 2673
10603 2674
2415 2675
2416 2676
2417 2677
2418 2678
2419 2679
2422 2680
2423 2681
2428 2682
10626 2683
2445 2684
2447 2685
2451 2686
2452 2687
2453 2688
2454 2689
2455 2690
2457 2691
2462 2692
2463 2693
2469 2694
2470 2695
2472 2696
2473 2697
2476 2698
2477 2699
2478 2700
2479 2701
10672 2702
2482 2703
2483 2704
2484 2705
2485 2706
10675 2707
2487 2708
2488 2709
2489 2710
2492 2711
2494 2712
2496 2713
2497 2714
2511 2715
2512 2716
2514 2717
2515 2718
2517 2719
10710 2720
2520 2721
2521 2722
2522 2723
10715 2724
2525 2725
2529 2726
2530 2727
2531 2728
2535 2729
2537 2730
2538 2731
2541 2732
2542 2733
2543 2734
10736 2735
2545 2736
2546 2737
10737 2738
10738 2739
10741 2740
2559 2741
2560 2742
10754 2743
2563 2744
2564 2745
10755 2746
2566 2747
2567 2748
10756 2749
2569 2750
2570 2751
2571 2752
2572 2753
2573 2754
2574 2755
2575 2756
2577 2757
2578 2758
2579 2759
2582 2760
8658 2761
8660 2762
2627 2763
2628 2764
2629 2765
2630 2766
2632 2767
2634 2768
2636 2769
2642 2770
2643 2771
2644 2772
2645 2773
2646 2774
2647 2775
2648 2776
2649 2777
2650 2778
2651 2779
2652 2780
2653 2781
2654 2782
2655 2783
2656 2784
2659 2785
2660 2786
2661 2787
2662 2788
2663 2789
2664 2790
2665 2791
2668 2792
2669 2793
2671 2794
2672 2795
2673 2796
2674 2797
2675 2798
2677 2799
2678 2800
2679 2801
2680 2802
2681 2803
2682 2804
2683 2805
2684 2806
2685 2807
2686 2808
2687 2809
2688 2810
2689 2811
2690 2812
2691 2813
2692 2814
2693 2815
2694 2816
2695 2817
2696 2818
2697 2819
2698 2820
2699 2821
10306 2822
2702 2823
2703 2824
2704 2825
2705 2826
2706 2827
2707 2828
2711 2829
2712 2830
2713 2831
2714 2832
2715 2833
2717 2834
2718 2835
2723 2836
2724 2837
2725 2838
2726 2839
2727 2840
2728 2841
2729 2842
2733 2843
2735 2844
2736 2845
2737 2846
2738 2847
2739 2848
2745 2849
2758 2850
2759 2851
2760 2852
2761 2853
2762 2854
2764 2855
2765 2856
2768 2857
2769 2858
2770 2859
2771 2860
2772 2861
2773 2862
2774 2863
2775 2864
2776 2865
2777 2866
2778 2867
2779 2868
2780 2869
10982 2870
10983 2871
2792 2872
2793 2873
2794 2874
2795 2875
10984 2876
2797 2877
2798 2878
10985 2879
2800 2880
2801 2881
2802 2882
2803 2883
10997 2884
2806 2885
2807 2886
2808 2887
2809 2888
2810 2889
2811 2890
2812 2891
2813 2892
2814 2893
2815 2894
2816 2895
2817 2896
11001 2897
2819 2898
2822 2899
2823 2900
2824 2901
2825 2902
2826 2903
2827 2904
11017 2905
11018 2906
2832 2907
2833 2908
2837 2909
2838 2910
2839 2911
2840 2912
2841 2913
11031 2914
2843 2915
2844 2916
2845 2917
11032 2918
2847 2919
2848 2920
2849 2921
2850 2922
2851 2923
2852 2924
2853 2925
2855 2926
2856 2927
2857 2928
2858 2929
2859 2930
2863 2931
2870 2932
2871 2933
2873 2934
2874 2935
2875 2936
2876 2937
11065 2938
8713 2939
2879 2940
2880 2941
2881 2942
2882 2943
11067 2944
11068 2945
2885 2946
11069 2947
11070 2948
2888 2949
2889 2950
11074 2951
11075 2952
2892 2953
2893 2954
2894 2955
2895 2956
2896 2957
2897 2958
2898 2959
2899 2960
2900 2961
2901 2962
2902 2963
2903 2964
2904 2965
2905 2966
2906 2967
2907 2968
2908 2969
2909 2970
2910 2971
2911 2972
2912 2973
2913 2974
2914 2975
2915 2976
2916 2977
2917 2978
2918 2979
2919 2980
2920 2981
2921 2982
2922 2983
2923 2984
2925 2985
2926 2986
19311 2987
2928 2988
19312 2989
19313 2990
2931 2991
19314 2992
2933 2993
11132 2994
2941 2995
11133 2996
11135 2997
2944 2998
2945 2999
2946 3000
11137 3001
2948 3002
2949 3003
11138 3004
2951 3005
2952 3006
2958 3007
2959 3008
2961 3009
2962 3010
2963 3011
2964 3012
2965 3013
2966 3014
2967 3015
2968 3016
2969 3017
2970 3018
2971 3019
2972 3020
2973 3021
2974 3022
10361 3023
2980 3024
2981 3025
2982 3026
2983 3027
2984 3028
2985 3029
2986 3030
2987 3031
2988 3032
2989 3033
2990 3034
11179 3035
11191 3036
3000 3037
3001 3038
11192 3039
3003 3040
3004 3041
3005 3042
11194 3043
3013 3044
3015 3045
3016 3046
3019 3047
3023 3048
3024 3049
3025 3050
3027 3051
3030 3052
3034 3053
3035 3054
3036 3055
3037 3056
3038 3057
3039 3058
3040 3059
3041 3060
3044 3061
3049 3062
3050 3063
3051 3064
3053 3065
3059 3066
11253 3067
11254 3068
3063 3069
11255 3070
11261 3071
3070 3072
3071 3073
3072 3074
3073 3075
10380 3076
3076 3077
3077 3078
3078 3079
3079 3080
3081 3081
3082 3082
3083 3083
3084 3084
3085 3085
10382 3086
10383 3087
3089 3088
3091 3089
3092 3090
3093 3091
3094 3092
3095 3093
3096 3094
3097 3095
10384 3096
10385 3097
11294 3098
3105 3099
3106 3100
3107 3101
15428 3102
3109 3103
3110 3104
3111 3105
11302 3106
3113 3107
3114 3108
3115 3109
3116 3110
3117 3111
3118 3112
11303 3113
11304 3114
11305 3115
3122 3116
3123 3117
3124 3118
11316 3119
11317 3120
11318 3121
3128 3122
3129 3123
11319 3124
3131 3125
3132 3126
3133 3127
3134 3128
15429 3129
3140 3130
3141 3131
3142 3132
3143 3133
3144 3134
3145 3135
3149 3136
3150 3137
11343 3138
11344 3139
11345 3140
3154 3141
3155 3142
3156 3143
3157 3144
3158 3145
3159 3146
11347 3147
3161 3148
3162 3149
3163 3150
3164 3151
3165 3152
3166 3153
3167 3154
3169 3155
3170 3156
3171 3157
3172 3158
3173 3159
3176 3160
3177 3161
3178 3162
3179 3163
3180 3164
3181 3165
3182 3166
3183 3167
3185 3168
3189 3169
3190 3170
3191 3171
3192 3172
3193 3173
3194 3174
3197 3175
3200 3176
3204 3177
3205 3178
3206 3179
3210 3180
3211 3181
11406 3182
3215 3183
3216 3184
3217 3185
3223 3186
3224 3187
3232 3188
3234 3189
3235 3190
3237 3191
3238 3192
3239 3193
3241 3194
11435 3195
11436 3196
3246 3197
3249 3198
3252 3199
3253 3200
3254 3201
3255 3202
3257 3203
3258 3204
11449 3205
3260 3206
3261 3207
3262 3208
3263 3209
3264 3210
3265 3211
3266 3212
3267 3213
3268 3214
3269 3215
11453 3216
11461 3217
3272 3218
3273 3219
11466 3220
3275 3221
3276 3222
3279 3223
3281 3224
3283 3225
3284 3226
3285 3227
3287 3228
3288 3229
3289 3230
11482 3231
3291 3232
3293 3233
3294 3234
3300 3235
3301 3236
3302 3237
3303 3238
11497 3239
10427 3240
3311 3241
3312 3242
3313 3243
3314 3244
11512 3245
3321 3246
3322 3247
11513 3248
3324 3249
3325 3250
3326 3251
3327 3252
3328 3253
3329 3254
3330 3255
3331 3256
3332 3257
11519 3258
3334 3259
3335 3260
3336 3261
3337 3262
3339 3263
3342 3264
3343 3265
3344 3266
3345 3267
3346 3268
3347 3269
3349 3270
3350 3271
3351 3272
3352 3273
3353 3274
3354 3275
3355 3276
3356 3277
3357 3278
3358 3279
11548 3280
11549 3281
11553 3282
3362 3283
3363 3284
11551 3285
3365 3286
11552 3287
3368 3288
3369 3289
3370 3290
3371 3291
3372 3292
3373 3293
3374 3294
3375 3295
3376 3296
3378 3297
3379 3298
3382 3299
3385 3300
3386 3301
3389 3302
3392 3303
3393 3304
3394 3305
3395 3306
3396 3307
3397 3308
3398 3309
3399 3310
3400 3311
3401 3312
3402 3313
3403 3314
3404 3315
3405 3316
11599 3317
3408 3318
3409 3319
3410 3320
3411 3321
3412 3322
3413 3323
11600 3324
3415 3325
11606 3326
3417 3327
3419 3328
3421 3329
3422 3330
3423 3331
3424 3332
3425 3333
3426 3334
3427 3335
3428 3336
3429 3337
3431 3338
3432 3339
3433 3340
3434 3341
3435 3342
3436 3343
3437 3344
3438 3345
3440 3346
3441 3347
19349 3348
3444 3349
3446 3350
3447 3351
3450 3352
3451 3353
3452 3354
3453 3355
19837 3356
3455 3357
3456 3358
19841 3359
19838 3360
11651 3361
3460 3362
3461 3363
3462 3364
3463 3365
11652 3366
19840 3367
3466 3368
19842 3369
3468 3370
3469 3371
3470 3372
3471 3373
3472 3374
11662 3375
19849 3376
19850 3377
3476 3378
3477 3379
3478 3380
11669 3381
3480 3382
3481 3383
3482 3384
3483 3385
3484 3386
11671 3387
3486 3388
3487 3389
3488 3390
3489 3391
3490 3392
3491 3393
3492 3394
10463 3395
19869 3396
3495 3397
3496 3398
3497 3399
11687 3400
11689 3401
19880 3402
3501 3403
3502 3404
3503 3405
19881 3406
19882 3407
19883 3408
19884 3409
3509 3410
3510 3411
3511 3412
3512 3413
3513 3414
3514 3415
3515 3416
3516 3417
3517 3418
3518 3419
3519 3420
11703 3421
3521 3422
3522 3423
3523 3424
3524 3425
3525 3426
3526 3427
3527 3428
10470 3429
3531 3430
3532 3431
3533 3432
3534 3433
3535 3434
3538 3435
3539 3436
3540 3437
3541 3438
3542 3439
3543 3440
3544 3441
3545 3442
3547 3443
3548 3444
19933 3445
3550 3446
3551 3447
3552 3448
3554 3449
3555 3450
3556 3451
3557 3452
3558 3453
3559 3454
3561 3455
3562 3456
3563 3457
3569 3458
3570 3459
3571 3460
3575 3461
3580 3462
3581 3463
3582 3464
3583 3465
3584 3466
3585 3467
3586 3468
3587 3469
3588 3470
3589 3471
3590 3472
3591 3473
3592 3474
3593 3475
3596 3476
3598 3477
3599 3478
3600 3479
3601 3480
11790 3481
11791 3482
11792 3483
3611 3484
3612 3485
3613 3486
11810 3487
3624 3488
3625 3489
3626 3490
3641 3491
3642 3492
3643 3493
3644 3494
3645 3495
3647 3496
3648 3497
3649 3498
3650 3499
3651 3500
3653 3501
3678 3502
3683 3503
3689 3504
3692 3505
3693 3506
3695 3507
3696 3508
3702 3509
3718 3510
3719 3511
20105 3512
3772 3513
3775 3514
3776 3515
3786 3516
20177 3517
20178 3518
3796 3519
3797 3520
3801 3521
3802 3522
3804 3523
12007 3524
12008 3525
3819 3526
3820 3527
3825 3528
3834 3529
3835 3530
3836 3531
3837 3532
3842 3533
3843 3534
3846 3535
3847 3536
3848 3537
3849 3538
15420 3539
3859 3540
3861 3541
12057 3542
12058 3543
12059 3544
3872 3545
3874 3546
3875 3547
3876 3548
3877 3549
12071 3550
12072 3551
12076 3552
12078 3553
12079 3554
12080 3555
12081 3556
12082 3557
12083 3558
12084 3559
12085 3560
12086 3561
3895 3562
3896 3563
12087 3564
3898 3565
3899 3566
3900 3567
12088 3568
12090 3569
12091 3570
12092 3571
12096 3572
3906 3573
3907 3574
3908 3575
3909 3576
3910 3577
12100 3578
12097 3579
12098 3580
12099 3581
12101 3582
12102 3583
12103 3584
3929 3585
12124 3586
12125 3587
12126 3588
12127 3589
3940 3590
3941 3591
3942 3592
3943 3593
3945 3594
3946 3595
3947 3596
3948 3597
3958 3598
3963 3599
3964 3600
3972 3601
3973 3602
3974 3603
3977 3604
3978 3605
3980 3606
3981 3607
3982 3608
3983 3609
3987 3610
3988 3611
3989 3612
3990 3613
3991 3614
3992 3615
3993 3616
3994 3617
3995 3618
3996 3619
4008 3620
4014 3621
4015 3622
4024 3623
4025 3624
4030 3625
4035 3626
4038 3627
4042 3628
4045 3629
4057 3630
4067 3631
4074 3632
4075 3633
4077 3634
4078 3635
4079 3636
4080 3637
4081 3638
4082 3639
4083 3640
4084 3641
4086 3642
4088 3643
4089 3644
4090 3645
4091 3646
4107 3647
4108 3648
4112 3649
4113 3650
4115 3651
4116 3652
4117 3653
4119 3654
4120 3655
4126 3656
4127 3657
4128 3658
4129 3659
4132 3660
4138 3661
4139 3662
4140 3663
4141 3664
4143 3665
4145 3666
4152 3667
4153 3668
4154 3669
4163 3670
4166 3671
4173 3672
4176 3673
4178 3674
4181 3675
4182 3676
4183 3677
20567 3678
4185 3679
20568 3680
20569 3681
20570 3682
20571 3683
4193 3684
4194 3685
4195 3686
4196 3687
4200 3688
4201 3689
4202 3690
4205 3691
4208 3692
4209 3693
4210 3694
4211 3695
4213 3696
4214 3697
4215 3698
4222 3699
4227 3700
4228 3701
4233 3702
4234 3703
4235 3704
4236 3705
4237 3706
4238 3707
4239 3708
4240 3709
4241 3710
8983 3711
8984 3712
4244 3713
4248 3714
4249 3715
4250 3716
4251 3717
4253 3718
4254 3719
4255 3720
4256 3721
4257 3722
4259 3723
20649 3724
4267 3725
20652 3726
4276 3727
4277 3728
4278 3729
4279 3730
4288 3731
4289 3732
4290 3733
12485 3734
12486 3735
12487 3736
12488 3737
4297 3738
4298 3739
4299 3740
4300 3741
12489 3742
4302 3743
12490 3744
12491 3745
12492 3746
12493 3747
12494 3748
12495 3749
4309 3750
12496 3751
12503 3752
12504 3753
12505 3754
4314 3755
12506 3756
12507 3757
12508 3758
12509 3759
12510 3760
12511 3761
12512 3762
12517 3763
12518 3764
12519 3765
4332 3766
4333 3767
4334 3768
4335 3769
4336 3770
4337 3771
4338 3772
4339 3773
4347 3774
4348 3775
4361 3776
4362 3777
4364 3778
4393 3779
4394 3780
4401 3781
4402 3782
4403 3783
4404 3784
4407 3785
4408 3786
4409 3787
4415 3788
4416 3789
4417 3790
4418 3791
4419 3792
4424 3793
4434 3794
4439 3795
4443 3796
4444 3797
4451 3798
4466 3799
4467 3800
4468 3801
4469 3802
4470 3803
4472 3804
4479 3805
4480 3806
4481 3807
4483 3808
4484 3809
4485 3810
4486 3811
4487 3812
4488 3813
4489 3814
4490 3815
4491 3816
4492 3817
4497 3818
4498 3819
4510 3820
4511 3821
4512 3822
4513 3823
4514 3824
4515 3825
4516 3826
4517 3827
4521 3828
4522 3829
4523 3830
4524 3831
4537 3832
4542 3833
4543 3834
4547 3835
4555 3836
4556 3837
4557 3838
4558 3839
4559 3840
4560 3841
4561 3842
4562 3843
4563 3844
4564 3845
4565 3846
4566 3847
4567 3848
4568 3849
4569 3850
4576 3851
4577 3852
4578 3853
4579 3854
4580 3855
4581 3856
4589 3857
4596 3858
4600 3859
4601 3860
4602 3861
4603 3862
4614 3863
4615 3864
4616 3865
4624 3866
4625 3867
4626 3868
4627 3869
4628 3870
4629 3871
4636 3872
4637 3873
4638 3874
4639 3875
4640 3876
4653 3877
4654 3878
4655 3879
4656 3880
4657 3881
4658 3882
4659 3883
4660 3884
4661 3885
4662 3886
4663 3887
4664 3888
4665 3889
4666 3890
4667 3891
4668 3892
4669 3893
4670 3894
4671 3895
4672 3896
4673 3897
4677 3898
4678 3899
4679 3900
4680 3901
4681 3902
4682 3903
4683 3904
4684 3905
4685 3906
4686 3907
4687 3908
4688 3909
4689 3910
4690 3911
4691 3912
4692 3913
4693 3914
4695 3915
4697 3916
4699 3917
4701 3918
4702 3919
4703 3920
4704 3921
4705 3922
4706 3923
4707 3924
4712 3925
4713 3926
21109 3927
21110 3928
4728 3929
4729 3930
4730 3931
4731 3932
21114 3933
4733 3934
4734 3935
4735 3936
4738 3937
21124 3938
21128 3939
21133 3940
4750 3941
21134 3942
21136 3943
4756 3944
4766 3945
21157 3946
21158 3947
4775 3948
4776 3949
4777 3950
4778 3951
21159 3952
4780 3953
4782 3954
4783 3955
4784 3956
4785 3957
21166 3958
21167 3959
4821 3960
4822 3961
4823 3962
4824 3963
4825 3964
4826 3965
4827 3966
4832 3967
4833 3968
4835 3969
4838 3970
4843 3971
4844 3972
4845 3973
4846 3974
4858 3975
4860 3976
4863 3977
4866 3978
4870 3979
4874 3980
4875 3981
4876 3982
4881 3983
4882 3984
4883 3985
4884 3986
4889 3987
4894 3988
4899 3989
4908 3990
4909 3991
4910 3992
4911 3993
4939 3994
4940 3995
4941 3996
4942 3997
4943 3998
4944 3999
4945 4000
4948 4001
4949 4002
4950 4003
4958 4004
10757 4005
4990 4006
4991 4007
4992 4008
4996 4009
4997 4010
4998 4011
4999 4012
5113 4013
5114 4014
5116 4015
5117 4016
5118 4017
5119 4018
5120 4019
5121 4020
5122 4021
21501 4022
21508 4023
21509 4024
5128 4025
5129 4026
5130 4027
5131 4028
5132 4029
5133 4030
5134 4031
5135 4032
5136 4033
5137 4034
5138 4035
5139 4036
21518 4037
5141 4038
5142 4039
5143 4040
5144 4041
5145 4042
5147 4043
5148 4044
5149 4045
5150 4046
5151 4047
5152 4048
5153 4049
5154 4050
5155 4051
5156 4052
5157 4053
13346 4054
5159 4055
5160 4056
5161 4057
5162 4058
13347 4059
13348 4060
13349 4061
13350 4062
13351 4063
13352 4064
13353 4065
13354 4066
13355 4067
13356 4068
13357 4069
13358 4070
13359 4071
13367 4072
13368 4073
13370 4074
13371 4075
13372 4076
13369 4077
13365 4078
13366 4079
13373 4080
13374 4081
13375 4082
13379 4083
13380 4084
13381 4085
13382 4086
13383 4087
13384 4088
13385 4089
13386 4090
13387 4091
13388 4092
13389 4093
13390 4094
13391 4095
13392 4096
13393 4097
13394 4098
13395 4099
13396 4100
13397 4101
13398 4102
13399 4103
5216 4104
5217 4105
5218 4106
5219 4107
5227 4108
5231 4109
5246 4110
5247 4111
5248 4112
5252 4113
5253 4114
5254 4115
5255 4116
5256 4117
5257 4118
5259 4119
5274 4120
5306 4121
5307 4122
5314 4123
5317 4124
5341 4125
5343 4126
5351 4127
5352 4128
5353 4129
5356 4130
5357 4131
5358 4132
5374 4133
5375 4134
5378 4135
5380 4136
5382 4137
5386 4138
5388 4139
5391 4140
5398 4141
5399 4142
5403 4143
5404 4144
5408 4145
5417 4146
5418 4147
5422 4148
5423 4149
5424 4150
5429 4151
5430 4152
5431 4153
5432 4154
5433 4155
5434 4156
5435 4157
5443 4158
5450 4159
5458 4160
5459 4161
5461 4162
5462 4163
5483 4164
5486 4165
5488 4166
5489 4167
5491 4168
5492 4169
5504 4170
5508 4171
5510 4172
5519 4173
5528 4174
5536 4175
5542 4176
5543 4177
5553 4178
5616 4179
5617 4180
5618 4181
5624 4182
5627 4183
5628 4184
5630 4185
5631 4186
5632 4187
5633 4188
5639 4189
5640 4190
5641 4191
5646 4192
5647 4193
5648 4194
5649 4195
5650 4196
5652 4197
5655 4198
5656 4199
5664 4200
5665 4201
5666 4202
5667 4203
5668 4204
5716 4205
5718 4206
5719 4207
5720 4208
5721 4209
5722 4210
5723 4211
5724 4212
5765 4213
5766 4214
5767 4215
5768 4216
5773 4217
5774 4218
5775 4219
5776 4220
5777 4221
5778 4222
5783 4223
5813 4224
5814 4225
5815 4226
5816 4227
5827 4228
5828 4229
5829 4230
5830 4231
5831 4232
5832 4233
5833 4234
5834 4235
5859 4236
5860 4237
5865 4238
5866 4239
5872 4240
5873 4241
5877 4242
5879 4243
5880 4244
5881 4245
14093 4246
14094 4247
5903 4248
5904 4249
5905 4250
14099 4251
14100 4252
14101 4253
14102 4254
5916 4255
5917 4256
5919 4257
5920 4258
5921 4259
5925 4260
5934 4261
5958 4262
5962 4263
5964 4264
5975 4265
5976 4266
5977 4267
5978 4268
5979 4269
5990 4270
14189 4271
14190 4272
14191 4273
6002 4274
6008 4275
6012 4276
6014 4277
6023 4278
6024 4279
6025 4280
14216 4281
6062 4282
6063 4283
14259 4284
14260 4285
14262 4286
6077 4287
6078 4288
6092 4289
6093 4290
6094 4291
6098 4292
6099 4293
6100 4294
6101 4295
6102 4296
6103 4297
6104 4298
6105 4299
6106 4300
6107 4301
6108 4302
6109 4303
6110 4304
6111 4305
6112 4306
6113 4307
6114 4308
6115 4309
6116 4310
6117 4311
6118 4312
6119 4313
6120 4314
6121 4315
6122 4316
6123 4317
10986 4318
6132 4319
6133 4320
6136 4321
6143 4322
14337 4323
14338 4324
14339 4325
14340 4326
6149 4327
6150 4328
6151 4329
6152 4330
6159 4331
6166 4332
14362 4333
14363 4334
14364 4335
14365 4336
14366 4337
14367 4338
6176 4339
10998 4340
6183 4341
10999 4342
6188 4343
6191 4344
11000 4345
11002 4346
6205 4347
6206 4348
6208 4349
6225 4350
6227 4351
6228 4352
6229 4353
6232 4354
6233 4355
6234 4356
6243 4357
6252 4358
6259 4359
6277 4360
6290 4361
6292 4362
6293 4363
6294 4364
6295 4365
6296 4366
6314 4367
6315 4368
6316 4369
6317 4370
6318 4371
6319 4372
6332 4373
6338 4374
6339 4375
6340 4376
6343 4377
6345 4378
6349 4379
6350 4380
6352 4381
6354 4382
6356 4383
11033 4384
6371 4385
6394 4386
6395 4387
6403 4388
6404 4389
6405 4390
6416 4391
6417 4392
6418 4393
6443 4394
6444 4395
6445 4396
6446 4397
6452 4398
6460 4399
6465 4400
6467 4401
6470 4402
6471 4403
6478 4404
6479 4405
6486 4406
6487 4407
6506 4408
6536 4409
6543 4410
6544 4411
6545 4412
6546 4413
6549 4414
6550 4415
6551 4416
11071 4417
6555 4418
6556 4419
6557 4420
6558 4421
6559 4422
6560 4423
6561 4424
6562 4425
6563 4426
6564 4427
6565 4428
6566 4429
6567 4430
6568 4431
6569 4432
6570 4433
6571 4434
6572 4435
6573 4436
11076 4437
11077 4438
11078 4439
11079 4440
6591 4441
10358 4442
6630 4443
6631 4444
6633 4445
6634 4446
6636 4447
6637 4448
6638 4449
6639 4450
6641 4451
6642 4452
6643 4453
6663 4454
6669 4455
6670 4456
6671 4457
6675 4458
6676 4459
6686 4460
6710 4461
6711 4462
6712 4463
6713 4464
6750 4465
6760 4466
6761 4467
6762 4468
6771 4469
6772 4470
6773 4471
6774 4472
6780 4473
6781 4474
6782 4475
6783 4476
6784 4477
6785 4478
6786 4479
6787 4480
6788 4481
6789 4482
6790 4483
6791 4484
6792 4485
6793 4486
6794 4487
6795 4488
6796 4489
6797 4490
6798 4491
6799 4492
6800 4493
6801 4494
6808 4495
6809 4496
6822 4497
6823 4498
6824 4499
6825 4500
6834 4501
6835 4502
6837 4503
6838 4504
6839 4505
6847 4506
6848 4507
6849 4508
6850 4509
6851 4510
6852 4511
6853 4512
6854 4513
6855 4514
6857 4515
6858 4516
6860 4517
6861 4518
6862 4519
6863 4520
6864 4521
6865 4522
6866 4523
6867 4524
6868 4525
6870 4526
6871 4527
6872 4528
6873 4529
6874 4530
6879 4531
6880 4532
6881 4533
6882 4534
6885 4535
6886 4536
6887 4537
6888 4538
6889 4539
6890 4540
6891 4541
6892 4542
6893 4543
6894 4544
6895 4545
6896 4546
6897 4547
6898 4548
6899 4549
6900 4550
6901 4551
6903 4552
6904 4553
6906 4554
19284 4555
6913 4556
6914 4557
6915 4558
6916 4559
6917 4560
6918 4561
6919 4562
6920 4563
19285 4564
19286 4565
19287 4566
19288 4567
6950 4568
6951 4569
6952 4570
6953 4571
6961 4572
6964 4573
6965 4574
6966 4575
6967 4576
6968 4577
6969 4578
6970 4579
6972 4580
6973 4581
6976 4582
6977 4583
6978 4584
6979 4585
6980 4586
6981 4587
6989 4588
6990 4589
6991 4590
6992 4591
6993 4592
7002 4593
7007 4594
7008 4595
7014 4596
7015 4597
7016 4598
7017 4599
7019 4600
7021 4601
7023 4602
7050 4603
7051 4604
7052 4605
7053 4606
7054 4607
7055 4608
7056 4609
7057 4610
7058 4611
7062 4612
7063 4613
7064 4614
7065 4615
7066 4616
15259 4617
15257 4618
15261 4619
7070 4620
7074 4621
7075 4622
7076 4623
7077 4624
7078 4625
7079 4626
7080 4627
7081 4628
7082 4629
15267 4630
7094 4631
7095 4632
7096 4633
7097 4634
7098 4635
7099 4636
7100 4637
7101 4638
7102 4639
7103 4640
7106 4641
7113 4642
7116 4643
7120 4644
7127 4645
7130 4646
7131 4647
7134 4648
7135 4649
7137 4650
7139 4651
7142 4652
7147 4653
7149 4654
7151 4655
7152 4656
7153 4657
7154 4658
7155 4659
7156 4660
7157 4661
7158 4662
7159 4663
7163 4664
7164 4665
7165 4666
7186 4667
7200 4668
7201 4669
7202 4670
7203 4671
7204 4672
7205 4673
7206 4674
7211 4675
7216 4676
7217 4677
7218 4678
7219 4679
7220 4680
15410 4681
7222 4682
7225 4683
15418 4684
15419 4685
7228 4686
7229 4687
7230 4688
7231 4689
15422 4690
15423 4691
15424 4692
7235 4693
7236 4694
15425 4695
15426 4696
15427 4697
7240 4698
7241 4699
7242 4700
7243 4701
7244 4702
7245 4703
7246 4704
7247 4705
7248 4706
7249 4707
7256 4708
7257 4709
7258 4710
7259 4711
7260 4712
7261 4713
7263 4714
7264 4715
7265 4716
7275 4717
7276 4718
7277 4719
7278 4720
7279 4721
7280 4722
7281 4723
7282 4724
7283 4725
7284 4726
7315 4727
7318 4728
7329 4729
7335 4730
7339 4731
7345 4732
7352 4733
7356 4734
7373 4735
7381 4736
7385 4737
7418 4738
7419 4739
7420 4740
7426 4741
7428 4742
7429 4743
7430 4744
7431 4745
7432 4746
7433 4747
7434 4748
7435 4749
7436 4750
7437 4751
7438 4752
7439 4753
7440 4754
7441 4755
7442 4756
7443 4757
7444 4758
7446 4759
7465 4760
7466 4761
7467 4762
7468 4763
7475 4764
7476 4765
7477 4766
7478 4767
7479 4768
7480 4769
7481 4770
7482 4771
7483 4772
7484 4773
7485 4774
7486 4775
7487 4776
7488 4777
7489 4778
7490 4779
7503 4780
7566 4781
7578 4782
7579 4783
7581 4784
7583 4785
7585 4786
7586 4787
7587 4788
7588 4789
7589 4790
7591 4791
7592 4792
7593 4793
7600 4794
7605 4795
7618 4796
7619 4797
7620 4798
7621 4799
7622 4800
7626 4801
7637 4802
7638 4803
7642 4804
7643 4805
7644 4806
7647 4807
7648 4808
7651 4809
7652 4810
7653 4811
7657 4812
7658 4813
7670 4814
7673 4815
7674 4816
7675 4817
7676 4818
21065 4819
7684 4820
7686 4821
7687 4822
7689 4823
7691 4824
7720 4825
7721 4826
7722 4827
7723 4828
7725 4829
7726 4830
7727 4831
7729 4832
19845 4833
7735 4834
7738 4835
7747 4836
7749 4837
7750 4838
7751 4839
7752 4840
7753 4841
7755 4842
19846 4843
7765 4844
11314 4845
7780 4846
7781 4847
7782 4848
19847 4849
7786 4850
7787 4851
7789 4852
7790 4853
7815 4854
7816 4855
7817 4856
7818 4857
7819 4858
7828 4859
7834 4860
7835 4861
7836 4862
7837 4863
7839 4864
7840 4865
7841 4866
7842 4867
7880 4868
7881 4869
7883 4870
7884 4871
7885 4872
7891 4873
7892 4874
7894 4875
7896 4876
7898 4877
7899 4878
7900 4879
7901 4880
7902 4881
7903 4882
7904 4883
7905 4884
7906 4885
7907 4886
7908 4887
7909 4888
7910 4889
19852 4890
7912 4891
11342 4892
7930 4893
11346 4894
7934 4895
7936 4896
7937 4897
7938 4898
7939 4899
7940 4900
7941 4901
7947 4902
7948 4903
7951 4904
7952 4905
7953 4906
7955 4907
7956 4908
7957 4909
7963 4910
7967 4911
7968 4912
7969 4913
7970 4914
7971 4915
7978 4916
7979 4917
7983 4918
7984 4919
7986 4920
7987 4921
7988 4922
7989 4923
7990 4924
7991 4925
7992 4926
7993 4927
7994 4928
7995 4929
7997 4930
8019 4931
8020 4932
8021 4933
8023 4934
8024 4935
9736 4936
8029 4937
8032 4938
8033 4939
8034 4940
8035 4941
8037 4942
8040 4943
8045 4944
8050 4945
8051 4946
8054 4947
8055 4948
8074 4949
8075 4950
8076 4951
8081 4952
8082 4953
8083 4954
8101 4955
8103 4956
8114 4957
8115 4958
8117 4959
8121 4960
8122 4961
8123 4962
8124 4963
8125 4964
8126 4965
8128 4966
8129 4967
8130 4968
8132 4969
8133 4970
8134 4971
8135 4972
8139 4973
8140 4974
8141 4975
8142 4976
8143 4977
8145 4978
8146 4979
8147 4980
8154 4981
8155 4982
8156 4983
8161 4984
8162 4985
8167 4986
8169 4987
8170 4988
8173 4989
8178 4990
8179 4991
8180 4992
8184 4993
8185 4994
8186 4995
8187 4996
8188 4997
8189 4998
8190 4999
8191 5000
0 5001
1 5002
2 5003
3 5004
4 5005
5 5006
6 5007
7 5008
8 5009
9 5010
10 5011
11 5012
12 5013
13 5014
14 5015
15 5016
16 5017
17 5018
18 5019
19 5020
20 5021
21 5022
22 5023
23 5024
24 5025
25 5026
26 5027
27 5028
28 5029
29 5030
30 5031
31 5032
32 5033
33 5034
34 5035
35 5036
36 5037
37 5038
38 5039
39 5040
40 5041
41 5042
42 5043
43 5044
44 5045
45 5046
46 5047
47 5048
48 5049
49 5050
50 5051
51 5052
52 5053
53 5054
54 5055
55 5056
56 5057
57 5058
58 5059
59 5060
60 5061
61 5062
62 5063
63 5064
64 5065
65 5066
66 5067
67 5068
68 5069
69 5070
70 5071
71 5072
72 5073
73 5074
74 5075
75 5076
76 5077
77 5078
78 5079
79 5080
80 5081
81 5082
82 5083
83 5084
84 5085
85 5086
86 5087
87 5088
88 5089
89 5090
90 5091
91 5092
92 5093
93 5094
94 5095
95 5096
96 5097
97 5098
98 5099
99 5100
100 5101
101 5102
102 5103
103 5104
104 5105
105 5106
106 5107
107 5108
108 5109
109 5110
110 5111
111 5112
112 5113
113 5114
114 5115
115 5116
116 5117
117 5118
118 5119
119 5120
120 5121
121 5122
122 5123
123 5124
124 5125
125 5126
126 5127
127 5128
128 5129
129 5130
130 5131
131 5132
132 5133
133 5134
134 5135
135 5136
136 5137
137 5138
138 5139
139 5140
140 5141
141 5142
142 5143
143 5144
144 5145
145 5146
146 5147
147 5148
148 5149
149 5150
150 5151
151 5152
152 5153
153 5154
154 5155
155 5156
156 5157
157 5158
158 5159
159 5160
160 5161
161 5162
162 5163
163 5164
164 5165
165 5166
166 5167
167 5168
168 5169
169 5170
170 5171
171 5172
172 5173
173 5174
174 5175
175 5176
176 5177
177 5178
178 5179
179 5180
180 5181
181 5182
183 5183
184 5184
185 5185
186 5186
187 5187
188 5188
189 5189
190 5190
191 5191
192 5192
193 5193
194 5194
195 5195
196 5196
197 5197
198 5198
199 5199
200 5200
201 5201
202 5202
203 5203
204 5204
205 5205
206 5206
207 5207
208 5208
209 5209
210 5210
211 5211
212 5212
213 5213
214 5214
215 5215
216 5216
217 5217
218 5218
219 5219
220 5220
221 5221
222 5222
223 5223
224 5224
225 5225
226 5226
227 5227
228 5228
229 5229
230 5230
231 5231
232 5232
233 5233
234 5234
235 5235
236 5236
237 5237
238 5238
239 5239
240 5240
241 5241
242 5242
243 5243
244 5244
245 5245
246 5246
247 5247
248 5248
249 5249
250 5250
251 5251
252 5252
253 5253
254 5254
255 5255
256 5256
257 5257
258 5258
259 5259
260 5260
261 5261
262 5262
263 5263
264 5264
265 5265
266 5266
267 5267
268 5268
269 5269
270 5270
271 5271
272 5272
273 5273
274 5274
275 5275
276 5276
277 5277
278 5278
279 5279
280 5280
281 5281
282 5282
283 5283
284 5284
285 5285
286 5286
287 5287
288 5288
289 5289
290 5290
291 5291
292 5292
293 5293
294 5294
295 5295
296 5296
297 5297
298 5298
299 5299
300 5300
301 5301
302 5302
303 5303
304 5304
305 5305
306 5306
307 5307
308 5308
309 5309
310 5310
311 5311
312 5312
313 5313
314 5314
315 5315
316 5316
317 5317
318 5318
319 5319
320 5320
321 5321
322 5322
323 5323
324 5324
325 5325
326 5326
327 5327
328 5328
329 5329
330 5330
331 5331
332 5332
333 5333
336 5334
337 5335
338 5336
339 5337
340 5338
341 5339
342 5340
343 5341
347 5342
348 5343
352 5344
353 5345
354 5346
355 5347
356 5348
357 5349
358 5350
359 5351
360 5352
361 5353
362 5354
363 5355
364 5356
365 5357
368 5358
370 5359
371 5360
372 5361
373 5362
374 5363
375 5364
376 5365
377 5366
378 5367
379 5368
380 5369
381 5370
382 5371
383 5372
384 5373
385 5374
386 5375
387 5376
388 5377
389 5378
390 5379
391 5380
392 5381
393 5382
394 5383
395 5384
396 5385
397 5386
398 5387
399 5388
400 5389
401 5390
402 5391
403 5392
404 5393
405 5394
406 5395
407 5396
408 5397
409 5398
410 5399
411 5400
412 5401
413 5402
414 5403
415 5404
416 5405
417 5406
418 5407
419 5408
420 5409
421 5410
422 5411
423 5412
424 5413
425 5414
426 5415
427 5416
428 5417
429 5418
430 5419
431 5420
432 5421
433 5422
434 5423
435 5424
436 5425
437 5426
438 5427
439 5428
440 5429
441 5430
442 5431
443 5432
444 5433
445 5434
446 5435
447 5436
448 5437
449 5438
450 5439
451 5440
452 5441
453 5442
454 5443
455 5444
456 5445
457 5446
458 5447
459 5448
460 5449
461 5450
462 5451
463 5452
464 5453
465 5454
466 5455
467 5456
468 5457
469 5458
470 5459
471 5460
472 5461
473 5462
474 5463
475 5464
476 5465
477 5466
478 5467
479 5468
480 5469
481 5470
482 5471
483 5472
484 5473
485 5474
486 5475
487 5476
488 5477
489 5478
490 5479
491 5480
492 5481
493 5482
494 5483
495 5484
496 5485
497 5486
498 5487
499 5488
500 5489
501 5490
502 5491
503 5492
504 5493
505 5494
506 5495
507 5496
508 5497
509 5498
510 5499
511 5500
512 5501
513 5502
514 5503
515 5504
516 5505
517 5506
518 5507
519 5508
520 5509
521 5510
522 5511
523 5512
524 5513
525 5514
526 5515
527 5516
528 5517
529 5518
530 5519
531 5520
532 5521
533 5522
534 5523
535 5524
536 5525
537 5526
538 5527
539 5528
540 5529
541 5530
542 5531
543 5532
544 5533
545 5534
546 5535
547 5536
548 5537
549 5538
550 5539
551 5540
552 5541
553 5542
554 5543
555 5544
556 5545
557 5546
558 5547
559 5548
560 5549
561 5550
562 5551
563 5552
564 5553
565 5554
566 5555
567 5556
568 5557
569 5558
570 5559
571 5560
572 5561
573 5562
574 5563
575 5564
576 5565
577 5566
578 5567
579 5568
580 5569
581 5570
582 5571
583 5572
584 5573
585 5574
586 5575
587 5576
588 5577
589 5578
590 5579
591 5580
592 5581
593 5582
594 5583
595 5584
596 5585
597 5586
598 5587
599 5588
600 5589
601 5590
602 5591
603 5592
604 5593
605 5594
606 5595
607 5596
608 5597
609 5598
610 5599
611 5600
612 5601
613 5602
614 5603
615 5604
616 5605
617 5606
618 5607
619 5608
620 5609
621 5610
622 5611
623 5612
624 5613
625 5614
626 5615
627 5616
628 5617
629 5618
630 5619
631 5620
632 5621
633 5622
634 5623
635 5624
636 5625
637 5626
638 5627
639 5628
640 5629
641 5630
642 5631
643 5632
644 5633
645 5634
646 5635
647 5636
648 5637
649 5638
650 5639
651 5640
652 5641
653 5642
654 5643
655 5644
656 5645
657 5646
658 5647
659 5648
660 5649
661 5650
662 5651
663 5652
664 5653
665 5654
666 5655
667 5656
668 5657
669 5658
670 5659
671 5660
672 5661
673 5662
674 5663
675 5664
676 5665
677 5666
678 5667
679 5668
680 5669
681 5670
682 5671
683 5672
684 5673
685 5674
686 5675
687 5676
688 5677
689 5678
690 5679
691 5680
692 5681
693 5682
694 5683
695 5684
696 5685
697 5686
698 5687
699 5688
700 5689
701 5690
702 5691
703 5692
704 5693
705 5694
706 5695
707 5696
708 5697
710 5698
711 5699
712 5700
713 5701
714 5702
715 5703
716 5704
717 5705
718 5706
719 5707
720 5708
721 5709
722 5710
723 5711
724 5712
725 5713
726 5714
727 5715
728 5716
729 5717
730 5718
731 5719
732 5720
733 5721
734 5722
735 5723
736 5724
737 5725
738 5726
739 5727
740 5728
741 5729
742 5730
743 5731
744 5732
745 5733
746 5734
747 5735
748 5736
749 5737
750 5738
751 5739
752 5740
758 5741
759 5742
760 5743
761 5744
762 5745
763 5746
764 5747
765 5748
766 5749
767 5750
768 5751
769 5752
770 5753
771 5754
772 5755
773 5756
774 5757
775 5758
776 5759
777 5760
778 5761
779 5762
780 5763
781 5764
782 5765
783 5766
784 5767
785 5768
786 5769
787 5770
788 5771
789 5772
790 5773
791 5774
792 5775
793 5776
794 5777
795 5778
796 5779
797 5780
798 5781
799 5782
800 5783
801 5784
802 5785
803 5786
804 5787
805 5788
806 5789
807 5790
808 5791
809 5792
810 5793
811 5794
812 5795
813 5796
814 5797
815 5798
816 5799
817 5800
818 5801
819 5802
820 5803
821 5804
825 5805
826 5806
827 5807
828 5808
829 5809
830 5810
831 5811
832 5812
833 5813
834 5814
835 5815
836 5816
837 5817
838 5818
839 5819
840 5820
842 5821
843 5822
844 5823
845 5824
846 5825
847 5826
848 5827
849 5828
850 5829
851 5830
852 5831
853 5832
854 5833
855 5834
856 5835
857 5836
859 5837
860 5838
861 5839
862 5840
863 5841
864 5842
865 5843
866 5844
867 5845
868 5846
869 5847
870 5848
871 5849
872 5850
873 5851
874 5852
875 5853
876 5854
877 5855
878 5856
879 5857
880 5858
881 5859
882 5860
883 5861
884 5862
885 5863
886 5864
887 5865
888 5866
889 5867
890 5868
891 5869
892 5870
893 5871
894 5872
895 5873
896 5874
897 5875
898 5876
899 5877
900 5878
901 5879
902 5880
903 5881
904 5882
905 5883
906 5884
907 5885
908 5886
909 5887
910 5888
911 5889
912 5890
913 5891
914 5892
915 5893
916 5894
917 5895
918 5896
919 5897
920 5898
921 5899
922 5900
923 5901
924 5902
925 5903
926 5904
927 5905
928 5906
929 5907
930 5908
931 5909
932 5910
933 5911
934 5912
935 5913
936 5914
937 5915
938 5916
939 5917
940 5918
941 5919
942 5920
943 5921
944 5922
945 5923
946 5924
947 5925
948 5926
949 5927
950 5928
951 5929
952 5930
953 5931
954 5932
955 5933
956 5934
957 5935
958 5936
959 5937
960 5938
961 5939
962 5940
963 5941
964 5942
965 5943
966 5944
967 5945
968 5946
969 5947
970 5948
971 5949
972 5950
974 5951
976 5952
977 5953
978 5954
979 5955
980 5956
981 5957
982 5958
983 5959
984 5960
985 5961
986 5962
987 5963
988 5964
989 5965
990 5966
991 5967
992 5968
993 5969
994 5970
995 5971
996 5972
997 5973
998 5974
999 5975
1000 5976
1001 5977
1002 5978
1003 5979
1004 5980
1005 5981
1006 5982
1007 5983
1008 5984
1009 5985
1011 5986
1012 5987
1013 5988
1016 5989
1018 5990
1019 5991
1020 5992
1021 5993
1022 5994
1023 5995
1025 5996
1026 5997
1027 5998
1030 5999
1031 6000
1032 6001
1033 6002
1034 6003
1036 6004
1039 6005
1040 6006
1041 6007
1042 6008
1043 6009
1044 6010
1045 6011
1046 6012
1047 6013
1048 6014
1049 6015
1050 6016
1051 6017
1052 6018
1053 6019
1054 6020
1055 6021
1056 6022
1057 6023
1058 6024
1059 6025
1060 6026
1061 6027
1062 6028
1063 6029
1064 6030
1065 6031
1066 6032
1067 6033
1068 6034
1069 6035
1070 6036
1071 6037
1072 6038
1073 6039
1074 6040
1075 6041
1076 6042
1077 6043
1079 6044
1080 6045
1081 6046
1082 6047
1083 6048
1084 6049
1085 6050
1086 6051
1087 6052
1088 6053
1089 6054
1090 6055
1091 6056
1092 6057
1093 6058
1094 6059
1095 6060
1096 6061
1097 6062
1099 6063
1100 6064
1101 6065
1102 6066
1103 6067
1104 6068
1105 6069
1106 6070
1107 6071
1108 6072
1109 6073
1110 6074
1111 6075
1112 6076
1113 6077
1114 6078
1115 6079
1116 6080
1117 6081
1118 6082
1119 6083
1120 6084
1121 6085
1122 6086
1123 6087
1124 6088
1125 6089
1126 6090
1127 6091
1128 6092
1129 6093
1130 6094
1131 6095
1132 6096
1133 6097
1134 6098
1135 6099
1136 6100
1137 6101
1138 6102
1139 6103
1140 6104
1141 6105
1142 6106
1143 6107
1144 6108
1145 6109
1146 6110
1147 6111
1148 6112
1149 6113
1150 6114
1151 6115
1152 6116
1153 6117
1154 6118
1155 6119
1156 6120
1157 6121
1158 6122
1159 6123
1160 6124
1161 6125
1162 6126
1163 6127
1164 6128
1165 6129
1166 6130
1167 6131
1168 6132
1169 6133
1170 6134
1171 6135
1172 6136
1173 6137
1174 6138
1175 6139
1176 6140
1177 6141
1178 6142
1181 6143
1182 6144
1183 6145
1184 6146
1185 6147
1186 6148
1187 6149
1188 6150
1189 6151
1190 6152
1191 6153
1192 6154
1193 6155
1194 6156
1195 6157
1196 6158
1197 6159
1198 6160
1199 6161
1200 6162
1201 6163
1202 6164
1203 6165
1204 6166
1205 6167
1207 6168
1208 6169
1209 6170
1210 6171
1211 6172
1212 6173
1213 6174
1214 6175
1215 6176
1216 6177
1217 6178
1218 6179
1219 6180
1220 6181
1221 6182
1222 6183
1223 6184
1224 6185
1225 6186
1226 6187
1227 6188
1228 6189
1229 6190
1230 6191
1231 6192
1232 6193
1233 6194
1234 6195
1235 6196
1236 6197
1237 6198
1238 6199
1239 6200
1240 6201
1241 6202
1242 6203
1243 6204
1244 6205
1245 6206
1246 6207
1247 6208
1248 6209
1249 6210
1250 6211
1251 6212
1252 6213
1253 6214
1254 6215
1255 6216
1256 6217
1257 6218
1258 6219
1259 6220
1260 6221
1261 6222
1262 6223
1263 6224
1264 6225
1265 6226
1266 6227
1267 6228
1268 6229
1269 6230
1270 6231
1271 6232
1272 6233
1273 6234
1274 6235
1275 6236
1276 6237
1277 6238
1278 6239
1279 6240
1280 6241
1281 6242
1282 6243
1283 6244
1284 6245
1285 6246
1286 6247
1287 6248
1288 6249
1289 6250
1290 6251
1291 6252
1292 6253
1293 6254
1294 6255
1295 6256
1296 6257
1297 6258
1298 6259
1299 6260
1300 6261
1301 6262
1302 6263
1303 6264
1304 6265
1305 6266
1306 6267
1307 6268
1308 6269
1309 6270
1310 6271
1311 6272
1312 6273
1313 6274
1314 6275
1315 6276
1316 6277
1317 6278
1318 6279
1319 6280
1320 6281
1321 6282
1322 6283
1323 6284
1324 6285
1325 6286
1326 6287
1327 6288
1328 6289
1329 6290
1330 6291
1331 6292
1332 6293
1333 6294
1334 6295
1335 6296
1336 6297
1337 6298
1338 6299
1339 6300
1340 6301
1341 6302
1342 6303
1343 6304
1344 6305
1345 6306
1346 6307
1347 6308
1348 6309
1349 6310
1350 6311
1351 6312
1352 6313
1353 6314
1354 6315
1355 6316
1356 6317
1357 6318
1358 6319
1359 6320
1360 6321
1361 6322
1362 6323
1363 6324
1364 6325
1365 6326
1366 6327
1367 6328
1368 6329
1369 6330
1370 6331
1371 6332
1372 6333
1373 6334
1374 6335
1375 6336
1376 6337
1377 6338
1378 6339
1379 6340
1380 6341
1381 6342
1382 6343
1383 6344
1384 6345
1385 6346
1386 6347
1387 6348
1388 6349
1389 6350
1390 6351
1391 6352
1392 6353
1393 6354
1394 6355
1395 6356
1396 6357
1397 6358
1398 6359
1399 6360
1400 6361
1401 6362
1402 6363
1403 6364
1404 6365
1405 6366
1406 6367
1407 6368
1408 6369
1409 6370
1410 6371
1411 6372
1412 6373
1413 6374
1414 6375
1415 6376
1416 6377
1417 6378
1418 6379
1419 6380
1420 6381
1421 6382
1422 6383
1423 6384
1424 6385
1425 6386
1426 6387
1427 6388
1428 6389
1429 6390
1430 6391
1431 6392
1432 6393
1433 6394
1434 6395
1435 6396
1436 6397
1437 6398
1438 6399
1439 6400
1440 6401
1441 6402
1442 6403
1443 6404
1444 6405
1445 6406
1446 6407
1447 6408
1448 6409
1449 6410
1450 6411
1451 6412
1452 6413
1453 6414
1454 6415
1455 6416
1456 6417
1457 6418
1458 6419
1459 6420
1460 6421
1461 6422
1462 6423
1463 6424
1464 6425
1465 6426
1466 6427
1467 6428
1468 6429
1469 6430
1470 6431
1471 6432
1472 6433
1473 6434
1474 6435
1475 6436
1476 6437
1477 6438
1478 6439
1479 6440
1480 6441
1481 6442
1482 6443
1484 6444
1485 6445
1486 6446
1487 6447
1488 6448
1490 6449
1491 6450
1492 6451
1493 6452
1494 6453
1495 6454
1496 6455
1497 6456
1498 6457
1499 6458
1500 6459
1501 6460
1502 6461
1506 6462
1507 6463
1508 6464
1509 6465
1510 6466
1511 6467
1512 6468
1513 6469
1514 6470
1515 6471
1516 6472
1517 6473
1518 6474
1519 6475
1520 6476
1521 6477
1522 6478
1523 6479
1524 6480
1525 6481
1526 6482
1527 6483
1531 6484
1532 6485
1533 6486
1534 6487
1535 6488
1536 6489
1537 6490
1538 6491
1539 6492
1540 6493
1541 6494
1544 6495
1545 6496
1546 6497
1547 6498
1548 6499
1549 6500
1550 6501
1551 6502
1552 6503
1553 6504
1554 6505
1556 6506
1557 6507
1558 6508
1559 6509
1560 6510
1561 6511
1562 6512
1563 6513
1564 6514
1570 6515
1571 6516
1572 6517
1573 6518
1574 6519
1575 6520
1576 6521
1577 6522
1578 6523
1579 6524
1580 6525
1581 6526
1582 6527
1583 6528
1584 6529
1585 6530
1586 6531
1587 6532
1588 6533
1589 6534
1590 6535
1591 6536
1592 6537
1593 6538
1594 6539
1595 6540
1596 6541
1597 6542
1598 6543
1599 6544
1600 6545
1601 6546
1602 6547
1603 6548
1604 6549
1605 6550
1606 6551
1607 6552
1608 6553
1609 6554
1610 6555
1611 6556
1612 6557
1613 6558
1614 6559
1615 6560
1616 6561
1617 6562
1618 6563
1619 6564
1620 6565
1621 6566
1622 6567
1623 6568
1624 6569
1625 6570
1626 6571
1627 6572
1628 6573
1629 6574
1630 6575
1631 6576
1632 6577
1633 6578
1635 6579
1636 6580
1637 6581
1638 6582
1639 6583
1640 6584
1641 6585
1642 6586
1643 6587
1644 6588
1645 6589
1646 6590
1647 6591
1648 6592
1649 6593
1650 6594
1651 6595
1652 6596
1653 6597
1654 6598
1655 6599
1656 6600
1657 6601
1658 6602
1659 6603
1660 6604
1661 6605
1662 6606
1663 6607
1664 6608
1665 6609
1666 6610
1667 6611
1668 6612
1669 6613
1670 6614
1671 6615
1672 6616
1673 6617
1674 6618
1675 6619
1676 6620
1677 6621
1678 6622
1679 6623
1680 6624
1681 6625
1682 6626
1683 6627
1684 6628
1685 6629
1686 6630
1687 6631
1688 6632
1689 6633
1690 6634
1691 6635
1692 6636
1693 6637
1694 6638
1695 6639
1696 6640
1697 6641
1698 6642
1699 6643
1700 6644
1701 6645
1702 6646
1703 6647
1704 6648
1705 6649
1706 6650
1707 6651
1708 6652
1709 6653
1710 6654
1711 6655
1712 6656
1713 6657
1714 6658
1715 6659
1716 6660
1717 6661
1718 6662
1719 6663
1720 6664
1721 6665
1722 6666
1723 6667
1724 6668
1725 6669
1726 6670
1727 6671
1728 6672
1729 6673
1730 6674
1731 6675
1732 6676
1733 6677
1734 6678
1735 6679
1736 6680
1737 6681
1738 6682
1739 6683
1740 6684
1741 6685
1742 6686
1743 6687
1744 6688
1745 6689
1746 6690
1747 6691
1748 6692
1749 6693
1750 6694
1751 6695
1752 6696
1753 6697
1754 6698
1755 6699
1756 6700
1757 6701
1758 6702
1759 6703
1760 6704
1761 6705
1762 6706
1763 6707
1764 6708
1765 6709
1766 6710
1767 6711
1768 6712
1769 6713
1770 6714
1771 6715
1772 6716
1773 6717
1774 6718
1775 6719
1776 6720
1777 6721
1778 6722
1779 6723
1780 6724
1781 6725
1782 6726
1783 6727
1784 6728
1785 6729
1786 6730
1787 6731
1788 6732
1789 6733
1790 6734
1791 6735
1792 6736
1793 6737
1794 6738
1795 6739
1796 6740
1797 6741
1798 6742
1799 6743
1800 6744
1801 6745
1802 6746
1803 6747
1804 6748
1805 6749
1806 6750
1807 6751
1808 6752
1809 6753
1810 6754
1811 6755
1812 6756
1813 6757
1814 6758
1815 6759
1816 6760
1817 6761
1818 6762
1819 6763
1820 6764
1821 6765
1822 6766
1823 6767
1824 6768
1825 6769
1826 6770
1827 6771
1828 6772
1829 6773
1830 6774
1832 6775
1833 6776
1834 6777
1835 6778
1836 6779
1837 6780
1838 6781
1839 6782
1840 6783
1841 6784
1842 6785
1843 6786
1844 6787
1845 6788
1846 6789
1847 6790
1849 6791
1850 6792
1851 6793
1852 6794
1853 6795
1854 6796
1855 6797
1859 6798
1860 6799
1861 6800
1862 6801
1863 6802
1864 6803
1866 6804
1868 6805
1869 6806
1870 6807
1871 6808
1872 6809
1873 6810
1874 6811
1875 6812
1876 6813
1877 6814
1878 6815
1879 6816
1880 6817
1881 6818
1882 6819
1883 6820
1884 6821
1885 6822
1886 6823
1887 6824
1888 6825
1889 6826
1890 6827
1892 6828
1895 6829
1896 6830
1897 6831
1898 6832
1899 6833
1900 6834
1901 6835
1902 6836
1903 6837
1904 6838
1905 6839
1906 6840
1907 6841
1908 6842
1909 6843
1910 6844
1911 6845
1912 6846
1913 6847
1914 6848
1915 6849
1916 6850
1917 6851
1918 6852
1919 6853
1920 6854
1921 6855
1922 6856
1923 6857
1924 6858
1925 6859
1926 6860
1927 6861
1928 6862
1929 6863
1930 6864
1931 6865
1932 6866
1933 6867
1934 6868
1935 6869
1936 6870
1937 6871
1938 6872
1939 6873
1940 6874
1941 6875
1942 6876
1943 6877
1944 6878
1946 6879
1947 6880
1948 6881
1949 6882
1950 6883
1951 6884
1952 6885
1953 6886
1954 6887
1955 6888
1956 6889
1957 6890
1958 6891
1959 6892
1960 6893
1961 6894
1962 6895
1963 6896
1964 6897
1965 6898
1966 6899
1967 6900
1968 6901
1969 6902
1970 6903
1971 6904
1972 6905
1973 6906
1974 6907
1975 6908
1976 6909
1977 6910
1978 6911
1979 6912
1980 6913
1981 6914
1982 6915
1983 6916
1984 6917
1985 6918
1986 6919
1987 6920
1988 6921
1989 6922
1990 6923
1991 6924
1992 6925
1993 6926
1994 6927
1995 6928
1996 6929
1997 6930
1998 6931
1999 6932
2000 6933
2001 6934
2002 6935
2003 6936
2004 6937
2005 6938
2006 6939
2007 6940
2008 6941
2009 6942
2010 6943
2011 6944
2012 6945
2013 6946
2014 6947
2015 6948
2016 6949
2017 6950
2018 6951
2019 6952
2020 6953
2021 6954
2022 6955
2023 6956
2024 6957
2025 6958
2026 6959
2027 6960
2028 6961
2029 6962
2030 6963
2031 6964
2032 6965
2033 6966
2034 6967
2035 6968
2036 6969
2037 6970
2038 6971
2039 6972
2040 6973
2041 6974
2042 6975
2043 6976
2044 6977
2045 6978
2046 6979
2047 6980
2048 6981
2049 6982
2050 6983
2051 6984
2052 6985
2053 6986
2054 6987
2055 6988
2056 6989
2057 6990
2058 6991
2059 6992
2060 6993
2061 6994
2062 6995
2063 6996
2064 6997
2065 6998
2066 6999
2067 7000
2068 7001
2069 7002
2070 7003
2071 7004
2072 7005
2073 7006
2074 7007
2075 7008
2076 7009
2077 7010
2078 7011
2079 7012
2080 7013
2081 7014
2082 7015
2083 7016
2084 7017
2085 7018
2086 7019
2087 7020
2088 7021
2089 7022
2090 7023
2091 7024
2092 7025
2093 7026
2094 7027
2095 7028
2096 7029
2097 7030
2098 7031
2099 7032
2100 7033
2101 7034
2102 7035
2103 7036
2104 7037
2105 7038
2106 7039
2107 7040
2108 7041
2109 7042
2110 7043
2111 7044
2112 7045
2113 7046
2114 7047
2115 7048
2116 7049
2117 7050
2118 7051
2119 7052
2120 7053
2121 7054
2122 7055
2123 7056
2124 7057
2125 7058
2126 7059
2127 7060
2128 7061
2129 7062
2130 7063
2131 7064
2132 7065
2133 7066
2134 7067
2135 7068
2136 7069
2137 7070
2138 7071
2139 7072
2140 7073
2141 7074
2142 7075
2143 7076
2144 7077
2145 7078
2146 7079
2147 7080
2148 7081
2149 7082
2150 7083
2151 7084
2152 7085
2153 7086
2154 7087
2155 7088
2156 7089
2157 7090
2158 7091
2159 7092
2160 7093
2161 7094
2162 7095
2163 7096
2164 7097
2165 7098
2166 7099
2167 7100
2168 7101
2169 7102
2170 7103
2171 7104
2172 7105
2173 7106
2174 7107
2175 7108
2176 7109
2177 7110
2178 7111
2179 7112
2180 7113
2181 7114
2182 7115
2183 7116
2184 7117
2185 7118
2186 7119
2187 7120
2188 7121
2189 7122
2190 7123
2191 7124
2192 7125
2193 7126
2194 7127
2195 7128
2196 7129
2197 7130
2198 7131
2199 7132
2200 7133
2201 7134
2202 7135
2203 7136
2204 7137
2205 7138
2206 7139
2207 7140
2208 7141
2209 7142
2210 7143
2211 7144
2212 7145
2216 7146
2217 7147
2218 7148
2219 7149
2220 7150
2221 7151
2222 7152
2223 7153
2224 7154
2225 7155
2226 7156
2227 7157
2228 7158
2229 7159
2230 7160
2231 7161
2232 7162
2233 7163
2234 7164
2235 7165
2236 7166
2237 7167
2238 7168
2239 7169
2240 7170
2241 7171
2242 7172
2243 7173
2244 7174
2245 7175
2246 7176
2247 7177
2248 7178
2249 7179
2250 7180
2251 7181
2252 7182
2253 7183
2254 7184
2255 7185
2256 7186
2257 7187
2258 7188
2259 7189
2260 7190
2261 7191
2262 7192
2263 7193
2264 7194
2265 7195
2266 7196
2267 7197
2268 7198
2269 7199
2270 7200
2271 7201
2272 7202
2273 7203
2274 7204
2275 7205
2276 7206
2277 7207
2278 7208
2284 7209
2285 7210
2286 7211
2291 7212
2292 7213
2299 7214
2300 7215
2301 7216
2302 7217
2303 7218
2304 7219
2305 7220
2306 7221
2307 7222
2308 7223
2309 7224
2310 7225
2311 7226
2312 7227
2313 7228
2316 7229
2317 7230
2319 7231
2320 7232
2321 7233
2322 7234
2323 7235
2324 7236
2326 7237
2327 7238
2328 7239
2329 7240
2330 7241
2333 7242
2334 7243
2335 7244
2336 7245
2337 7246
2338 7247
2339 7248
2343 7249
2344 7250
2345 7251
2346 7252
2347 7253
2348 7254
2349 7255
2350 7256
2351 7257
2352 7258
2353 7259
2354 7260
2355 7261
2356 7262
2357 7263
2358 7264
2359 7265
2360 7266
2361 7267
2362 7268
2363 7269
2364 7270
2365 7271
2366 7272
2367 7273
2368 7274
2369 7275
2370 7276
2371 7277
2372 7278
2373 7279
2374 7280
2375 7281
2376 7282
2377 7283
2378 7284
2379 7285
2380 7286
2381 7287
2382 7288
2383 7289
2384 7290
2385 7291
2386 7292
2387 7293
2388 7294
2389 7295
2390 7296
2391 7297
2392 7298
2393 7299
2394 7300
2395 7301
2396 7302
2397 7303
2398 7304
2399 7305
2400 7306
2401 7307
2402 7308
2403 7309
2404 7310
2405 7311
2406 7312
2407 7313
2408 7314
2409 7315
2410 7316
2411 7317
2412 7318
2413 7319
2414 7320
2415 7321
2416 7322
2417 7323
2418 7324
2419 7325
2420 7326
2421 7327
2422 7328
2423 7329
2424 7330
2425 7331
2426 7332
2427 7333
2428 7334
2429 7335
2430 7336
2431 7337
2432 7338
2433 7339
2434 7340
2435 7341
2436 7342
2437 7343
2438 7344
2439 7345
2440 7346
2441 7347
2442 7348
2443 7349
2444 7350
2445 7351
2446 7352
2447 7353
2448 7354
2449 7355
2450 7356
2451 7357
2452 7358
2453 7359
2454 7360
2455 7361
2456 7362
2457 7363
2458 7364
2459 7365
2460 7366
2461 7367
2462 7368
2463 7369
2464 7370
2465 7371
2466 7372
2467 7373
2473 7374
2474 7375
2475 7376
2476 7377
2477 7378
2478 7379
2479 7380
2480 7381
2481 7382
2482 7383
2483 7384
2484 7385
2485 7386
2486 7387
2487 7388
2488 7389
2489 7390
2490 7391
2491 7392
2492 7393
2493 7394
2494 7395
2495 7396
2496 7397
2497 7398
2498 7399
2499 7400
2500 7401
2501 7402
2502 7403
2503 7404
2504 7405
2505 7406
2506 7407
2507 7408
2508 7409
2509 7410
2510 7411
2511 7412
2512 7413
2513 7414
2514 7415
2515 7416
2516 7417
2517 7418
2518 7419
2519 7420
2520 7421
2521 7422
2522 7423
2523 7424
2524 7425
2525 7426
2526 7427
2527 7428
2528 7429
2529 7430
2530 7431
2531 7432
2532 7433
2533 7434
2534 7435
2535 7436
2536 7437
2537 7438
2538 7439
2539 7440
2540 7441
2541 7442
2542 7443
2543 7444
2544 7445
2545 7446
2546 7447
2547 7448
2548 7449
2549 7450
2550 7451
2551 7452
2552 7453
2553 7454
2554 7455
2555 7456
2556 7457
2557 7458
2558 7459
2559 7460
2560 7461
2561 7462
2562 7463
2563 7464
2564 7465
2565 7466
2566 7467
2567 7468
2568 7469
2569 7470
2570 7471
2571 7472
2572 7473
2573 7474
2574 7475
2575 7476
2576 7477
2577 7478
2578 7479
2579 7480
2580 7481
2581 7482
2582 7483
2583 7484
2584 7485
2585 7486
2586 7487
2587 7488
2588 7489
2589 7490
2590 7491
2591 7492
2592 7493
2593 7494
2594 7495
2595 7496
2596 7497
2597 7498
2598 7499
2599 7500
2600 7501
2601 7502
2602 7503
2603 7504
2604 7505
2605 7506
2606 7507
2607 7508
2608 7509
2609 7510
2610 7511
2611 7512
2612 7513
2613 7514
2614 7515
2615 7516
2616 7517
2617 7518
2618 7519
2619 7520
2620 7521
2621 7522
2622 7523
2623 7524
2624 7525
2625 7526
2626 7527
2627 7528
2628 7529
2629 7530
2630 7531
2631 7532
2632 7533
2633 7534
2634 7535
2635 7536
2636 7537
2637 7538
2638 7539
2639 7540
2640 7541
2641 7542
2642 7543
2643 7544
2644 7545
2645 7546
2646 7547
2647 7548
2648 7549
2649 7550
2650 7551
2651 7552
2652 7553
2653 7554
2654 7555
2655 7556
2656 7557
2657 7558
2658 7559
2659 7560
2660 7561
2661 7562
2662 7563
2663 7564
2664 7565
2665 7566
2666 7567
2667 7568
2668 7569
2669 7570
2670 7571
2671 7572
2672 7573
2673 7574
2674 7575
2675 7576
2676 7577
2677 7578
2678 7579
2679 7580
2680 7581
2681 7582
2682 7583
2683 7584
2684 7585
2685 7586
2686 7587
2687 7588
2688 7589
2689 7590
2690 7591
2691 7592
2692 7593
2693 7594
2694 7595
2695 7596
2696 7597
2697 7598
2698 7599
2699 7600
2700 7601
2701 7602
2702 7603
2703 7604
2704 7605
2705 7606
2706 7607
2707 7608
2708 7609
2709 7610
2710 7611
2711 7612
2712 7613
2713 7614
2714 7615
2715 7616
2716 7617
2717 7618
2718 7619
2720 7620
2721 7621
2722 7622
2723 7623
2724 7624
2725 7625
2726 7626
2733 7627
2734 7628
2735 7629
2736 7630
2737 7631
2738 7632
2739 7633
2740 7634
2741 7635
2742 7636
2743 7637
2744 7638
2745 7639
2746 7640
2747 7641
2748 7642
2749 7643
2750 7644
2751 7645
2752 7646
2753 7647
2754 7648
2755 7649
2756 7650
2757 7651
2758 7652
2759 7653
2760 7654
2761 7655
2762 7656
2763 7657
2766 7658
2767 7659
2768 7660
2769 7661
2770 7662
2771 7663
2772 7664
2773 7665
2775 7666
2776 7667
2777 7668
2778 7669
2780 7670
2781 7671
2782 7672
2783 7673
2784 7674
2785 7675
2786 7676
2787 7677
2788 7678
2789 7679
2790 7680
2791 7681
2792 7682
2793 7683
2795 7684
2796 7685
2797 7686
2798 7687
2799 7688
2800 7689
2801 7690
2804 7691
2805 7692
2806 7693
2814 7694
2815 7695
2816 7696
2817 7697
2818 7698
2819 7699
2820 7700
2821 7701
2822 7702
2823 7703
2824 7704
2825 7705
2826 7706
2827 7707
2828 7708
2829 7709
2830 7710
2831 7711
2832 7712
2833 7713
2834 7714
2835 7715
2838 7716
2846 7717
2847 7718
2848 7719
2849 7720
2850 7721
2851 7722
2873 7723
2874 7724
2875 7725
2876 7726
2877 7727
2878 7728
2879 7729
2880 7730
2881 7731
2882 7732
2883 7733
2884 7734
2885 7735
2886 7736
2887 7737
2888 7738
2894 7739
2895 7740
2896 7741
2897 7742
2898 7743
2899 7744
2900 7745
2901 7746
2902 7747
2903 7748
2904 7749
2905 7750
2906 7751
2907 7752
2908 7753
2909 7754
2910 7755
2911 7756
2912 7757
2920 7758
2921 7759
2922 7760
2923 7761
2924 7762
2925 7763
2926 7764
2927 7765
2928 7766
2929 7767
2930 7768
2931 7769
2932 7770
2933 7771
2934 7772
2935 7773
2936 7774
2937 7775
2938 7776
2939 7777
2940 7778
2941 7779
2942 7780
2943 7781
2944 7782
2945 7783
2946 7784
2947 7785
2948 7786
2949 7787
2950 7788
2951 7789
2952 7790
2953 7791
2954 7792
2955 7793
2956 7794
2957 7795
2958 7796
2960 7797
2961 7798
2962 7799
2963 7800
2964 7801
2965 7802
2966 7803
2967 7804
2968 7805
2969 7806
2970 7807
2971 7808
2972 7809
2973 7810
2974 7811
2977 7812
2986 7813
2987 7814
2988 7815
2989 7816
2990 7817
2991 7818
2994 7819
2996 7820
2997 7821
2998 7822
2999 7823
3000 7824
3001 7825
3002 7826
3003 7827
3004 7828
3005 7829
3008 7830
3009 7831
3010 7832
3012 7833
3013 7834
3014 7835
3015 7836
3016 7837
3017 7838
3018 7839
3019 7840
3020 7841
3021 7842
3023 7843
3028 7844
3030 7845
3033 7846
3034 7847
3035 7848
3036 7849
3037 7850
3038 7851
3039 7852
3040 7853
3041 7854
3042 7855
3043 7856
3044 7857
3045 7858
3046 7859
3055 7860
3056 7861
3057 7862
3058 7863
3059 7864
3060 7865
3061 7866
3062 7867
3063 7868
3064 7869
3065 7870
3066 7871
3067 7872
3068 7873
3069 7874
3070 7875
3071 7876
3072 7877
3073 7878
3087 7879
3088 7880
3089 7881
3090 7882
3091 7883
3092 7884
3093 7885
3095 7886
3096 7887
3097 7888
3098 7889
3099 7890
3100 7891
3101 7892
3102 7893
3103 7894
3104 7895
3105 7896
3106 7897
3107 7898
3108 7899
3109 7900
3110 7901
3111 7902
3112 7903
3113 7904
3114 7905
3115 7906
3116 7907
3117 7908
3118 7909
3120 7910
3121 7911
3122 7912
3123 7913
3124 7914
3125 7915
3127 7916
3128 7917
3129 7918
3130 7919
3131 7920
3132 7921
3133 7922
3134 7923
3135 7924
3136 7925
3137 7926
3138 7927
3139 7928
3140 7929
3141 7930
3148 7931
3149 7932
3150 7933
3151 7934
3152 7935
3154 7936
3155 7937
3156 7938
3157 7939
3158 7940
3159 7941
3161 7942
3162 7943
3163 7944
3164 7945
3165 7946
3166 7947
3167 7948
3168 7949
3169 7950
3170 7951
3171 7952
3172 7953
3173 7954
3174 7955
3175 7956
3181 7957
3182 7958
3183 7959
3184 7960
3185 7961
3186 7962
3187 7963
3188 7964
3189 7965
3190 7966
3191 7967
3192 7968
3193 7969
3194 7970
3195 7971
3196 7972
3197 7973
3198 7974
3199 7975
3200 7976
3201 7977
3202 7978
3203 7979
3204 7980
3205 7981
3206 7982
3207 7983
3208 7984
3209 7985
3210 7986
3211 7987
3212 7988
3213 7989
3214 7990
3215 7991
3216 7992
3217 7993
3218 7994
3219 7995
3220 7996
3221 7997
3222 7998
3223 7999
3224 8000
3225 8001
3226 8002
3227 8003
3228 8004
3229 8005
3230 8006
3231 8007
3232 8008
3233 8009
3234 8010
3235 8011
3236 8012
3237 8013
3238 8014
3239 8015
3240 8016
3241 8017
3242 8018
3243 8019
3244 8020
3245 8021
3246 8022
3247 8023
3249 8024
3250 8025
3251 8026
3252 8027
3253 8028
3254 8029
3255 8030
3256 8031
3257 8032
3258 8033
3259 8034
3260 8035
3261 8036
3262 8037
3263 8038
3264 8039
3265 8040
3266 8041
3267 8042
3268 8043
3270 8044
3271 8045
3272 8046
3273 8047
3274 8048
3275 8049
3276 8050
1 8051
30721 8052
71169 8053
6 8054
3081 8055
10 8056
11 8057
57872 8058
30224 8059
58388 8060
3608 8061
76828 8062
36895 8063
70692 8064
15399 8065
69673 8066
85547 8067
163894 8068
13891 8069
21061 8070
29263 8071
34899 8072
121435 8073
20574 8074
30304 8075
81508 8076
85606 8077
11879 8078
30317 8079
12397 8080
33906 8081
8825 8082
97913 8083
36479 8084
38528 8085
29313 8086
35970 8087
34945 8088
36481 8089
36480 8090
34441 8091
53393 8092
659 8093
662 8094
24727 8095
7318 8096
24733 8097
24734 8098
24736 8099
24746 8100
24747 8101
13484 8102
50861 8103
689 8104
24755 8105
34997 8106
24758 8107
24759 8108
30392 8109
24761 8110
79550 8111
81602 8112
79043 8113
36549 8114
24774 8115
30406 8116
99031 8117
217 8118
15582 8119
8926 8120
24807 8121
36074 8122
83181 8123
13060 8124
26886 8125
67856 8126
49426 8127
37656 8128
57626 8129
45360 8130
15668 8131
71989 8132
31544 8133
15673 8134
38716 8135
35133 8136
27967 8137
113471 8138
15177 8139
60750 8140
2383 8141
65360 8142
29519 8143
11602 8144
34645 8145
15712 8146
21345 8147
95074 8148
15715 8149
3948 8150
11642 8151
15740 8152
55166 8153
83330 8154
111494 8155
29065 8156
91532 8157
18318 8158
9105 8159
50066 8160
82323 8161
28064 8162
72610 8163
108455 8164
29609 8165
47018 8166
57267 8167
57278 8168
30144 8169
17859 8170
39364 8171
39876 8172
83907 8173
29641 8174
79307 8175
81361 8176
51667 8177
36308 8178
121811 8179
17883 8180
75739 8181
80349 8182
3039 8183
2528 8184
64991 8185
81376 8186
80369 8187
62963 8188
57844 8189
56823 8190
75771 8191
7165 8192
0 8193
117 8194
118 8195
119 8196
120 8197
121 8198
122 8199
123 8200
124 8201
125 8202
126 8203
127 8204
128 8205
129 8206
130 8207
131 8208
132 8209
133 8210
136 8211
139 8212
140 8213
141 8214
142 8215
143 8216
144 8217
145 8218
146 8219
147 8220
149 8221
150 8222
151 8223
152 8224
155 8225
156 8226
157 8227
158 8228
159 8229
162 8230
164 8231
166 8232
168 8233
171 8234
173 8235
175 8236
177 8237
179 8238
180 8239
181 8240
183 8241
184 8242
187 8243
188 8244
189 8245
190 8246
191 8247
192 8248
193 8249
195 8250
201 8251
203 8252
204 8253
205 8254
206 8255
208 8256
210 8257
211 8258
212 8259
213 8260
214 8261
215 8262
216 8263
219 8264
221 8265
222 8266
223 8267
227 8268
228 8269
229 8270
230 8271
231 8272
232 8273
234 8274
236 8275
238 8276
239 8277
240 8278
241 8279
243 8280
245 8281
246 8282
247 8283
248 8284
249 8285
252 8286
253 8287
256 8288
257 8289
259 8290
260 8291
261 8292
263 8293
264 8294
265 8295
266 8296
268 8297
269 8298
270 8299
272 8300
274 8301
278 8302
281 8303
282 8304
283 8305
286 8306
287 8307
290 8308
292 8309
295 8310
296 8311
297 8312
298 8313
299 8314
300 8315
301 8316
303 8317
304 8318
307 8319
308 8320
311 8321
312 8322
314 8323
316 8324
317 8325
318 8326
319 8327
320 8328
322 8329
323 8330
324 8331
325 8332
329 8333
331 8334
332 8335
335 8336
339 8337
340 8338
341 8339
343 8340
345 8341
347 8342
348 8343
349 8344
350 8345
351 8346
352 8347
353 8348
354 8349
355 8350
356 8351
357 8352
358 8353
359 8354
360 8355
361 8356
363 8357
364 8358
365 8359
366 8360
368 8361
370 8362
372 8363
374 8364
375 8365
379 8366
382 8367
383 8368
384 8369
385 8370
386 8371
389 8372
391 8373
392 8374
393 8375
395 8376
396 8377
399 8378
400 8379
406 8380
407 8381
408 8382
411 8383
414 8384
415 8385
416 8386
418 8387
420 8388
423 8389
426 8390
428 8391
431 8392
432 8393
434 8394
435 8395
437 8396
438 8397
439 8398
440 8399
443 8400
444 8401
446 8402
447 8403
452 8404
453 8405
456 8406
457 8407
458 8408
460 8409
462 8410
463 8411
465 8412
466 8413
469 8414
471 8415
472 8416
473 8417
475 8418
476 8419
478 8420
479 8421
480 8422
481 8423
482 8424
483 8425
486 8426
491 8427
492 8428
493 8429
494 8430
497 8431
498 8432
500 8433
501 8434
502 8435
503 8436
506 8437
507 8438
37371 8439
509 8440
511 8441
513 8442
514 8443
515 8444
522 8445
523 8446
524 8447
527 8448
532 8449
533 8450
538 8451
539 8452
543 8453
545 8454
546 8455
548 8456
549 8457
550 8458
551 8459
553 8460
555 8461
557 8462
558 8463
562 8464
563 8465
565 8466
567 8467
568 8468
569 8469
571 8470
572 8471
573 8472
574 8473
575 8474
579 8475
580 8476
581 8477
582 8478
584 8479
586 8480
587 8481
589 8482
590 8483
591 8484
592 8485
595 8486
598 8487
600 8488
601 8489
603 8490
606 8491
609 8492
610 8493
616 8494
618 8495
619 8496
620 8497
621 8498
622 8499
624 8500
625 8501
629 8502
630 8503
631 8504
632 8505
633 8506
638 8507
639 8508
640 8509
641 8510
642 8511
646 8512
649 8513
651 8514
654 8515
657 8516
660 8517
661 8518
662 8519
663 8520
665 8521
667 8522
668 8523
669 8524
675 8525
677 8526
679 8527
680 8528
683 8529
684 8530
685 8531
686 8532
689 8533
691 8534
692 8535
694 8536
695 8537
696 8538
697 8539
698 8540
699 8541
700 8542
701 8543
703 8544
704 8545
705 8546
706 8547
708 8548
709 8549
711 8550
714 8551
715 8552
716 8553
717 8554
719 8555
724 8556
727 8557
728 8558
731 8559
732 8560
738 8561
739 8562
740 8563
742 8564
744 8565
745 8566
748 8567
749 8568
750 8569
753 8570
756 8571
760 8572
761 8573
762 8574
763 8575
765 8576
766 8577
767 8578
769 8579
770 8580
771 8581
772 8582
773 8583
774 8584
775 8585
776 8586
777 8587
779 8588
780 8589
781 8590
783 8591
785 8592
786 8593
787 8594
791 8595
792 8596
797 8597
798 8598
799 8599
800 8600
801 8601
803 8602
804 8603
807 8604
809 8605
812 8606
814 8607
815 8608
816 8609
820 8610
822 8611
823 8612
824 8613
830 8614
831 8615
832 8616
836 8617
837 8618
838 8619
845 8620
846 8621
848 8622
854 8623
857 8624
859 8625
863 8626
865 8627
866 8628
867 8629
869 8630
870 8631
873 8632
875 8633
877 8634
879 8635
881 8636
884 8637
889 8638
891 8639
892 8640
893 8641
894 8642
896 8643
897 8644
898 8645
899 8646
900 8647
901 8648
902 8649
903 8650
906 8651
907 8652
908 8653
909 8654
911 8655
912 8656
914 8657
915 8658
919 8659
921 8660
922 8661
923 8662
928 8663
929 8664
930 8665
931 8666
934 8667
936 8668
937 8669
943 8670
947 8671
949 8672
950 8673
954 8674
955 8675
957 8676
958 8677
959 8678
963 8679
964 8680
965 8681
966 8682
967 8683
970 8684
971 8685
972 8686
973 8687
974 8688
975 8689
976 8690
977 8691
978 8692
979 8693
980 8694
982 8695
983 8696
984 8697
987 8698
989 8699
990 8700
991 8701
992 8702
993 8703
995 8704
996 8705
997 8706
998 8707
1003 8708
1005 8709
1006 8710
1008 8711
1009 8712
1010 8713
1011 8714
1012 8715
1014 8716
1017 8717
1018 8718
1019 8719
1021 8720
1022 8721
1026 8722
1030 8723
1032 8724
1033 8725
1034 8726
1035 8727
1037 8728
1039 8729
1042 8730
1043 8731
1044 8732
1045 8733
1047 8734
1048 8735
1053 8736
1055 8737
1057 8738
1059 8739
1060 8740
1061 8741
1063 8742
1065 8743
1066 8744
1068 8745
1069 8746
1070 8747
1071 8748
1072 8749
1073 8750
1074 8751
1076 8752
1077 8753
1079 8754
1081 8755
1082 8756
1083 8757
1084 8758
1085 8759
1087 8760
1088 8761
1089 8762
1091 8763
1093 8764
1096 8765
1098 8766
1102 8767
1103 8768
1104 8769
1105 8770
1108 8771
1109 8772
1110 8773
1111 8774
1112 8775
1113 8776
1116 8777
1117 8778
1121 8779
1122 8780
1127 8781
1129 8782
1130 8783
1131 8784
1137 8785
1138 8786
1141 8787
1144 8788
1146 8789
1150 8790
1154 8791
1155 8792
1157 8793
1158 8794
1159 8795
1161 8796
1164 8797
1165 8798
1166 8799
1169 8800
1170 8801
1171 8802
1172 8803
1173 8804
1175 8805
1176 8806
1177 8807
1178 8808
1180 8809
1183 8810
1186 8811
1187 8812
1188 8813
1189 8814
1191 8815
1192 8816
1193 8817
1194 8818
1199 8819
1202 8820
1203 8821
1205 8822
1207 8823
1211 8824
1212 8825
1214 8826
1216 8827
1217 8828
1218 8829
1221 8830
1223 8831
1226 8832
1227 8833
1229 8834
1230 8835
1234 8836
1235 8837
1236 8838
1237 8839
1239 8840
1240 8841
1241 8842
1243 8843
1246 8844
1249 8845
1250 8846
1251 8847
1252 8848
1253 8849
1254 8850
1256 8851
1257 8852
1258 8853
1260 8854
1262 8855
1263 8856
1264 8857
1266 8858
1267 8859
1269 8860
1271 8861
1272 8862
1273 8863
1274 8864
1275 8865
1277 8866
1279 8867
1280 8868
1282 8869
1283 8870
1285 8871
1287 8872
1288 8873
1291 8874
1292 8875
1293 8876
1295 8877
38161 8878
1298 8879
1297 8880
1301 8881
1303 8882
1304 8883
1307 8884
1309 8885
1310 8886
1311 8887
1312 8888
1314 8889
1316 8890
1319 8891
1322 8892
1323 8893
1324 8894
1326 8895
1329 8896
1330 8897
1331 8898
1333 8899
1334 8900
1335 8901
1336 8902
1337 8903
1338 8904
1339 8905
1340 8906
1341 8907
1342 8908
1343 8909
1345 8910
1346 8911
1349 8912
1351 8913
1352 8914
1354 8915
1356 8916
1358 8917
1359 8918
1360 8919
1361 8920
1362 8921
1363 8922
1364 8923
1365 8924
1366 8925
1367 8926
1368 8927
1369 8928
1371 8929
1373 8930
1374 8931
1376 8932
1377 8933
1378 8934
1379 8935
1381 8936
1382 8937
1383 8938
1384 8939
1385 8940
1387 8941
1389 8942
1390 8943
1391 8944
1392 8945
1393 8946
1394 8947
1396 8948
1398 8949
1399 8950
1400 8951
1401 8952
1402 8953
1404 8954
1406 8955
1407 8956
1411 8957
1412 8958
1416 8959
1417 8960
1419 8961
1420 8962
1421 8963
1422 8964
1426 8965
1429 8966
1430 8967
1431 8968
1434 8969
1435 8970
1436 8971
1437 8972
1441 8973
1443 8974
1444 8975
1445 8976
1446 8977
1450 8978
1453 8979
1454 8980
1456 8981
1457 8982
1459 8983
1461 8984
1462 8985
1466 8986
1468 8987
1475 8988
1476 8989
1477 8990
1480 8991
1481 8992
1483 8993
1485 8994
1488 8995
1489 8996
1490 8997
1491 8998
1492 8999
1493 9000
1494 9001
1495 9002
1496 9003
1497 9004
1499 9005
1500 9006
1501 9007
1504 9008
1506 9009
1507 9010
1512 9011
1516 9012
38381 9013
38387 9014
1525 9015
1530 9016
1533 9017
1534 9018
1537 9019
1567 9020
38439 9021
1577 9022
1578 9023
1579 9024
1580 9025
1581 9026
1582 9027
1583 9028
1584 9029
1585 9030
1586 9031
1587 9032
1588 9033
1589 9034
1591 9035
1592 9036
1593 9037
1594 9038
1595 9039
1596 9040
1597 9041
1598 9042
1599 9043
1600 9044
1601 9045
1602 9046
1603 9047
1604 9048
1605 9049
1606 9050
1607 9051
1608 9052
38473 9053
1616 9054
1617 9055
1618 9056
1619 9057
1620 9058
1624 9059
1628 9060
1629 9061
1638 9062
1639 9063
1640 9064
1641 9065
38506 9066
1643 9067
38505 9068
1647 9069
1650 9070
1653 9071
1655 9072
1657 9073
1658 9074
1660 9075
1664 9076
1672 9077
1677 9078
1679 9079
1681 9080
1684 9081
1685 9082
1686 9083
1689 9084
1690 9085
1692 9086
1693 9087
1694 9088
1696 9089
1697 9090
1700 9091
1701 9092
1705 9093
1711 9094
1714 9095
1720 9096
1734 9097
1738 9098
1769 9099
1795 9100
1805 9101
1806 9102
1807 9103
1820 9104
1821 9105
1826 9106
1857 9107
1866 9108
1867 9109
1869 9110
1883 9111
1884 9112
1885 9113
1889 9114
1891 9115
1892 9116
1893 9117
1899 9118
1921 9119
1922 9120
1931 9121
1933 9122
1940 9123
1942 9124
1944 9125
1945 9126
1947 9127
1954 9128
1966 9129
1967 9130
1971 9131
1976 9132
2007 9133
2013 9134
2019 9135
2031 9136
2033 9137
2055 9138
2075 9139
2076 9140
2080 9141
2093 9142
2095 9143
2135 9144
2141 9145
2142 9146
2143 9147
2147 9148
2149 9149
2158 9150
2161 9151
2162 9152
2170 9153
2172 9154
2182 9155
2221 9156
2223 9157
2224 9158
2233 9159
2245 9160
2258 9161
2261 9162
2266 9163
2280 9164
2281 9165
2309 9166
2317 9167
2326 9168
2332 9169
2335 9170
2373 9171
2418 9172
2435 9173
2437 9174
2438 9175
2458 9176
2475 9177
2492 9178
2498 9179
2507 9180
2520 9181
2522 9182
2524 9183
2525 9184
2526 9185
2528 9186
2529 9187
2530 9188
2531 9189
2533 9190
2534 9191
2536 9192
2537 9193
2538 9194
2539 9195
2540 9196
2543 9197
2546 9198
2548 9199
2555 9200
2556 9201
2557 9202
2559 9203
2560 9204
2562 9205
2590 9206
2598 9207
2603 9208
2611 9209
2622 9210
2637 9211
2650 9212
2659 9213
2663 9214
2665 9215
2679 9216
35451 9217
2697 9218
2706 9219
2708 9220
2711 9221
2724 9222
2733 9223
2734 9224
2735 9225
2738 9226
2744 9227
2765 9228
2769 9229
2773 9230
2775 9231
35567 9232
2811 9233
2813 9234
2814 9235
2818 9236
2822 9237
2825 9238
2828 9239
2833 9240
2841 9241
35617 9242
2849 9243
2852 9244
2862 9245
2863 9246
2864 9247
2865 9248
2869 9249
2874 9250
2875 9251
2876 9252
2878 9253
2879 9254
2882 9255
2887 9256
2889 9257
35663 9258
2896 9259
2897 9260
35669 9261
35688 9262
2923 9263
2926 9264
35703 9265
2937 9266
2940 9267
2941 9268
2951 9269
2952 9270
2953 9271
2954 9272
2955 9273
2963 9274
2967 9275
2976 9276
2978 9277
35781 9278
3030 9279
3037 9280
35823 9281
3060 9282
3065 9283
3078 9284
35854 9285
3091 9286
3095 9287
3096 9288
3097 9289
3113 9290
3116 9291
3181 9292
3200 9293
3220 9294
3232 9295
3250 9296
3259 9297
3261 9298
3263 9299
3281 9300
3288 9301
3293 9302
3299 9303
3301 9304
3303 9305
3305 9306
3307 9307
3312 9308
3322 9309
3333 9310
3338 9311
3340 9312
3342 9313
3346 9314
3348 9315
3349 9316
3357 9317
3364 9318
3376 9319
3377 9320
3381 9321
3392 9322
3396 9323
3397 9324
3398 9325
3399 9326
3420 9327
3424 9328
3426 9329
3446 9330
3452 9331
3453 9332
3455 9333
3456 9334
3457 9335
3459 9336
3460 9337
3461 9338
3462 9339
3463 9340
3464 9341
3465 9342
3466 9343
3467 9344
3470 9345
3471 9346
3472 9347
3477 9348
3480 9349
3481 9350
3482 9351
3483 9352
3493 9353
3498 9354
3527 9355
3530 9356
3531 9357
3550 9358
3568 9359
3590 9360
