org_video_id new_video_id
2050 0
2054 1
2068 2
2069 3
4117 4
2072 5
2075 6
41 7
2858 8
2096 9
49 10
51 11
53 12
54 13
2102 14
56 15
57 16
2101 17
2107 18
60 19
61 20
2109 21
2110 22
2103 23
67 24
69 25
70 26
71 27
2120 28
2118 29
76 30
6221 31
78 32
80 33
81 34
82 35
85 36
88 37
89 38
90 39
2139 40
92 41
93 42
2141 43
95 44
96 45
97 46
2146 47
99 48
100 49
101 50
102 51
103 52
2147 53
2149 54
2145 55
4198 56
110 57
2159 58
2163 59
118 60
119 61
120 62
121 63
122 64
2169 65
4215 66
2173 67
4219 68
4223 69
4224 70
4225 71
4226 72
131 73
132 74
133 75
2182 76
2181 77
2180 78
137 79
4229 80
4234 81
140 82
141 83
2190 84
143 85
144 86
145 87
2191 88
148 89
149 90
2198 91
2199 92
152 93
153 94
154 95
155 96
156 97
157 98
158 99
159 100
2202 101
161 102
2206 103
2209 104
164 105
166 106
167 107
168 108
169 109
170 110
171 111
172 112
173 113
174 114
175 115
2217 116
177 117
178 118
2225 119
180 120
181 121
2222 122
186 123
187 124
2236 125
189 126
190 127
192 128
193 129
194 130
2242 131
196 132
203 133
206 134
207 135
208 136
209 137
2255 138
2254 139
2258 140
213 141
2265 142
218 143
2267 144
2266 145
221 146
222 147
223 148
224 149
2270 150
2276 151
229 152
231 153
232 154
233 155
234 156
235 157
236 158
2288 159
2293 160
252 161
2303 162
256 163
2304 164
2306 165
2314 166
2316 167
2317 168
273 169
275 170
2324 171
277 172
278 173
279 174
4371 175
4372 176
4373 177
4374 178
4376 179
2333 180
4377 181
4378 182
4381 183
2338 184
2341 185
2342 186
2343 187
2344 188
299 189
300 190
2349 191
2350 192
305 193
307 194
308 195
309 196
2356 197
2359 198
312 199
313 200
2361 201
2363 202
2366 203
2367 204
2368 205
6464 206
2370 207
2371 208
2372 209
2373 210
2374 211
6463 212
6465 213
6466 214
330 215
2379 216
2380 217
2381 218
6469 219
6470 220
6473 221
2388 222
341 223
342 224
6486 225
344 226
346 227
347 228
2396 229
2397 230
352 231
353 232
2404 233
2405 234
2406 235
2407 236
2408 237
361 238
2410 239
2412 240
2413 241
368 242
2416 243
375 244
2424 245
377 246
379 247
2429 248
382 249
6996 250
6530 251
387 252
393 253
2441 254
2442 255
2443 256
2445 257
398 258
2448 259
2449 260
402 261
2451 262
405 263
2455 264
408 265
2459 266
6559 267
2464 268
2465 269
418 270
421 271
2933 272
2471 273
425 274
2473 275
427 276
428 277
2476 278
2478 279
2475 280
2477 281
2934 282
2483 283
436 284
440 285
2495 286
448 287
2496 288
2499 289
2500 290
453 291
454 292
2502 293
456 294
457 295
2505 296
2507 297
460 298
2504 299
462 300
463 301
2512 302
465 303
466 304
2515 305
2516 306
469 307
2514 308
2519 309
474 310
2522 311
476 312
2525 313
478 314
481 315
2530 316
483 317
2529 318
485 319
490 320
494 321
495 322
2544 323
497 324
498 325
499 326
2545 327
4596 328
4597 329
503 330
504 331
505 332
506 333
2551 334
4598 335
4603 336
4599 337
4602 338
4600 339
4601 340
4604 341
515 342
4608 343
4606 344
4609 345
4607 346
4610 347
4611 348
522 349
523 350
524 351
6668 352
526 353
527 354
528 355
534 356
535 357
536 358
2142 359
2143 360
543 361
548 362
2144 363
555 364
2607 365
2609 366
2610 367
2611 368
563 369
2613 370
2614 371
2612 372
570 373
571 374
572 375
573 376
574 377
2622 378
2625 379
2629 380
597 381
603 382
606 383
607 384
608 385
609 386
2657 387
611 388
2655 389
613 390
2662 391
2663 392
2661 393
4708 394
618 395
619 396
620 397
2668 398
2670 399
2672 400
625 401
627 402
629 403
2677 404
633 405
2682 406
638 407
2686 408
2688 409
641 410
642 411
644 412
2696 413
649 414
2698 415
651 416
652 417
2699 418
2703 419
2704 420
2705 421
659 422
660 423
2714 424
2715 425
2716 426
669 427
2717 428
675 429
2724 430
677 431
678 432
2727 433
6242 434
2737 435
2739 436
692 437
693 438
695 439
700 440
2750 441
2755 442
2756 443
2757 444
2758 445
2760 446
2761 447
2762 448
2763 449
2764 450
717 451
719 452
720 453
721 454
722 455
723 456
724 457
725 458
2774 459
6870 460
2776 461
2777 462
2779 463
2780 464
2781 465
6879 466
2784 467
738 468
739 469
741 470
743 471
744 472
2792 473
746 474
747 475
748 476
749 477
750 478
2794 479
752 480
753 481
2800 482
2998 483
756 484
757 485
4849 486
759 487
760 488
761 489
762 490
763 491
2808 492
2813 493
766 494
767 495
2816 496
769 497
2817 498
2818 499
772 500
2815 501
774 502
2823 503
776 504
778 505
2828 506
782 507
4878 508
784 509
4879 510
4885 511
2838 512
4886 513
793 514
794 515
795 516
796 517
797 518
798 519
799 520
800 521
2844 522
802 523
803 524
2850 525
805 526
2854 527
809 528
2857 529
2859 530
2860 531
2861 532
2862 533
815 534
816 535
2863 536
818 537
819 538
2865 539
2869 540
822 541
823 542
2874 543
827 544
828 545
2875 546
2879 547
834 548
2883 549
836 550
2884 551
838 552
839 553
840 554
841 555
842 556
3016 557
2893 558
848 559
2896 560
850 561
2899 562
2898 563
2901 564
3019 565
2903 566
2900 567
2905 568
2902 569
2907 570
2908 571
2906 572
6275 573
2914 574
867 575
2915 576
2917 577
2918 578
871 579
3022 580
7012 581
3023 582
875 583
876 584
877 585
879 586
880 587
881 588
882 589
883 590
2932 591
885 592
886 593
887 594
888 595
889 596
890 597
891 598
892 599
893 600
2940 601
895 602
3026 603
897 604
2941 605
899 606
900 607
2952 608
2953 609
907 610
908 611
909 612
910 613
911 614
912 615
2960 616
2959 617
2963 618
918 619
919 620
920 621
2967 622
922 623
2971 624
924 625
2973 626
926 627
2975 628
929 629
930 630
931 631
2979 632
933 633
934 634
2981 635
937 636
2987 637
2990 638
2991 639
946 640
950 641
951 642
952 643
953 644
954 645
955 646
956 647
957 648
958 649
959 650
960 651
961 652
962 653
963 654
3007 655
3013 656
3014 657
968 658
969 659
970 660
971 661
972 662
973 663
974 664
975 665
3024 666
3020 667
3018 668
3027 669
980 670
981 671
982 672
983 673
984 674
985 675
3028 676
3029 677
3032 678
3031 679
993 680
994 681
995 682
1001 683
3050 684
3051 685
1006 686
1007 687
1008 688
1011 689
1012 690
5493 691
1015 692
1022 693
1023 694
5495 695
1025 696
1026 697
1027 698
1029 699
1030 700
1031 701
5126 702
1033 703
1036 704
1037 705
1039 706
1041 707
1042 708
1044 709
1046 710
1047 711
1049 712
1051 713
1052 714
1053 715
1054 716
1055 717
3099 718
1057 719
1060 720
1061 721
1063 722
1064 723
1065 724
3117 725
3118 726
3119 727
1075 728
1080 729
1081 730
1084 731
3136 732
5184 733
1093 734
5190 735
1096 736
5193 737
3149 738
1101 739
1103 740
1104 741
1105 742
1106 743
1107 744
3153 745
3151 746
1111 747
1112 748
1113 749
1116 750
1117 751
3164 752
1119 753
3168 754
3169 755
1122 756
1124 757
1125 758
3172 759
1127 760
1130 761
1133 762
1134 763
1137 764
1139 765
1140 766
1142 767
3191 768
1144 769
1145 770
3192 771
1147 772
1148 773
3190 774
1150 775
1151 776
3197 777
1155 778
1156 779
1157 780
1159 781
1160 782
3207 783
1162 784
1163 785
3212 786
3208 787
1166 788
3213 789
1168 790
1169 791
1170 792
1171 793
1172 794
3215 795
1175 796
1176 797
1177 798
1178 799
3227 800
1180 801
1181 802
1182 803
1183 804
3226 805
3233 806
1186 807
1187 808
1188 809
3234 810
1190 811
1191 812
3240 813
1193 814
1194 815
1198 816
1201 817
1203 818
1208 819
3263 820
3264 821
1218 822
1219 823
1220 824
1221 825
3267 826
3268 827
3272 828
3275 829
3277 830
1243 831
1244 832
1250 833
3299 834
1253 835
3305 836
3307 837
3308 838
3310 839
3311 840
3313 841
3315 842
3316 843
3318 844
3320 845
3322 846
3323 847
1277 848
1279 849
1287 850
1291 851
1294 852
1300 853
1301 854
1305 855
1308 856
1314 857
1318 858
1320 859
1327 860
1331 861
1333 862
1342 863
3396 864
3397 865
1350 866
3399 867
3398 868
3402 869
5452 870
5453 871
5454 872
5455 873
5456 874
5457 875
3410 876
5458 877
3412 878
3413 879
3414 880
3415 881
5459 882
1370 883
3419 884
3425 885
5473 886
5475 887
3428 888
1381 889
3430 890
1383 891
3432 892
5476 893
5477 894
5483 895
5479 896
1389 897
3438 898
3439 899
5481 900
5490 901
1395 902
3444 903
1397 904
1398 905
3447 906
3448 907
3449 908
5494 909
1403 910
1404 911
1405 912
1406 913
3455 914
3452 915
3457 916
3458 917
3466 918
1419 919
3468 920
3469 921
1423 922
3472 923
3476 924
3477 925
3485 926
3488 927
3492 928
3496 929
1452 930
1454 931
1455 932
1456 933
1462 934
1466 935
1467 936
1470 937
1472 938
5568 939
1474 940
1475 941
1481 942
1488 943
3537 944
1492 945
1493 946
3540 947
1495 948
3541 949
1497 950
3545 951
1501 952
1502 953
1503 954
1504 955
3552 956
3555 957
1509 958
3559 959
1515 960
1516 961
1517 962
1518 963
1519 964
3564 965
1522 966
1526 967
1527 968
1542 969
3592 970
1547 971
1548 972
1552 973
3625 974
3634 975
1591 976
3640 977
1594 978
3645 979
3646 980
1600 981
1603 982
1604 983
1605 984
1606 985
1621 986
1624 987
1625 988
1628 989
1630 990
1631 991
1632 992
1634 993
1635 994
1642 995
1643 996
1650 997
1651 998
1652 999
1653 1000
1654 1001
1655 1002
1656 1003
1657 1004
1658 1005
3700 1006
1664 1007
1673 1008
1674 1009
1675 1010
3722 1011
3726 1012
3730 1013
1685 1014
1686 1015
1687 1016
1688 1017
3733 1018
1690 1019
1693 1020
1695 1021
1697 1022
3753 1023
1707 1024
1708 1025
1709 1026
1713 1027
1715 1028
1717 1029
1727 1030
1729 1031
1744 1032
1745 1033
1746 1034
3799 1035
3801 1036
1754 1037
3804 1038
1760 1039
1761 1040
1762 1041
1764 1042
1765 1043
3814 1044
4222 1045
1768 1046
3001 1047
3821 1048
1778 1049
1786 1050
3836 1051
3837 1052
1792 1053
1793 1054
1796 1055
3850 1056
1805 1057
1807 1058
1810 1059
6467 1060
6468 1061
3874 1062
2807 1063
1837 1064
1839 1065
1841 1066
1844 1067
1845 1068
1846 1069
3893 1070
1848 1071
1850 1072
1863 1073
1867 1074
3915 1075
1869 1076
3925 1077
3926 1078
1880 1079
1891 1080
1894 1081
1895 1082
1905 1083
1906 1084
1913 1085
1919 1086
3231 1087
4228 1088
1923 1089
1924 1090
1926 1091
3974 1092
1931 1093
3980 1094
1936 1095
3988 1096
1943 1097
1946 1098
1948 1099
1950 1100
1959 1101
1963 1102
1970 1103
4021 1104
4024 1105
1982 1106
1984 1107
1988 1108
1991 1109
1992 1110
1994 1111
1996 1112
1999 1113
4057 1114
2013 1115
2014 1116
2015 1117
4063 1118
4066 1119
2024 1120
4079 1121
2032 1122
2033 1123
2036 1124
2037 1125
2045 1126
