11 10
10 12
12 13
13 15
15 16
16 34
34 35
35 37
37 38
38 39
39 41
41 42
42 44
44 45
45 46
19 24
24 27
27 30
30 33
33 49
49 50
50 51
582 677
677 396
396 656
603 669
669 676
676 678
678 679
679 118
118 787
787 32
32 805
805 565
565 121
121 745
745 667
667 685
685 62
62 580
580 63
63 655
655 821
821 820
820 754
754 1087
1087 752
752 777
777 726
726 657
657 786
786 1047
1047 774
623 612
612 73
79 130
130 832
832 835
89 93
93 123
123 95
95 99
246 194
194 249
249 169
169 172
172 173
173 170
170 199
199 608
608 1073
1073 399
399 421
232 242
242 253
124 127
127 126
126 129
143 154
154 153
153 155
155 156
156 157
157 158
215 193
193 161
161 226
226 244
244 247
247 263
263 271
271 284
284 292
307 312
312 310
310 1070
274 258
258 277
277 276
276 287
287 294
294 300
300 301
301 303
303 304
238 227
86 74
74 83
83 87
87 94
94 163
163 90
90 100
100 97
97 96
325 326
326 342
342 350
350 351
351 353
353 355
355 362
333 349
349 324
381 383
383 385
385 397
397 386
386 388
388 384
979 980
980 956
956 944
944 959
959 1013
1013 970
970 977
977 1018
1018 1048
478 500
500 773
773 713
713 734
734 761
761 778
778 493
493 400
468 471
471 469
469 481
481 487
487 489
489 497
497 485
485 484
484 504
504 509
509 505
505 495
495 490
490 514
550 587
587 604
604 554
554 584
584 585
585 515
515 526
526 521
521 517
517 559
559 516
516 524
524 519
519 135
135 134
134 128
128 115
115 60
60 52
52 26
26 607
607 534
534 552
552 48
364 405
405 417
417 429
429 474
474 523
523 545
545 579
579 641
643 644
644 645
645 642
642 646
646 647
647 648
648 649
649 650
650 651
651 652
652 653
653 654
556 599
599 619
619 620
620 621
621 606
606 610
610 625
625 633
633 658
721 729
729 743
743 757
757 766
766 807
807 818
818 854
854 902
902 912
912 913
913 945
945 946
946 986
986 1008
590 696
696 592
592 693
693 627
694 722
722 724
724 723
723 730
730 715
715 717
717 720
720 697
697 699
699 706
706 708
708 709
709 710
710 712
432 458
458 703
332 354
354 395
395 548
548 553
553 561
561 575
575 589
674 701
701 707
707 739
739 742
742 747
747 791
791 809
809 849
849 851
744 750
750 758
133 111
111 112
112 113
113 64
64 61
61 75
75 82
82 98
98 764
764 107
107 106
106 102
102 108
108 110
110 109
109 775
775 780
780 636
636 753
753 769
769 781
781 147
147 776
776 174
174 189
189 588
588 630
630 792
792 114
114 763
763 779
779 770
770 765
765 762
451 452
452 456
456 453
453 455
455 457
457 491
491 640
640 659
659 537
537 538
538 611
611 629
748 544
544 686
686 688
688 692
692 714
714 740
740 749
749 132
431 437
437 475
475 454
454 488
488 507
507 518
518 528
528 502
634 741
741 751
751 793
793 794
794 767
767 799
799 802
801 597
597 788
788 790
790 808
798 803
803 812
812 1023
440 1007
1007 935
935 994
542 555
357 358
358 361
361 382
382 423
423 422
816 815
815 856
25 20
833 853
784 760
760 736
736 861
861 862
862 527
527 506
506 577
261 866
314 317
317 319
319 322
322 320
910 919
919 930
930 950
950 958
958 993
993 997
997 1021
1021 1059
1059 1074
953 954
955 960
960 961
961 976
976 962
962 963
963 1002
1002 1003
1003 1004
1004 1005
984 985
985 967
967 969
969 982
616 813
813 435
435 842
973 971
971 797
797 814
814 990
990 804
804 1015
1015 1016
1016 811
811 1029
1020 1025
1025 1026
1026 1027
1027 1028
1033 1032
1032 1034
1034 57
57 929
929 899
899 1072
1072 1076
1076 903
903 1079
1079 146
146 1041
1041 1043
1043 1066
1066 1067
1067 1030
136 137
137 819
819 825
825 860
860 891
891 904
904 932
932 933
933 938
938 940
940 972
972 992
992 995
995 989
989 1014
1014 1022
1022 1050
1050 1042
1042 1046
1046 1064
1064 1068
1068 855
855 323
323 327
327 857
857 91
91 78
78 237
237 59
59 76
76 233
233 105
105 166
166 259
259 305
305 368
368 297
297 299
299 293
1080 1081
1081 1099
1099 88
88 1093
1107 1108
1108 1109
1109 1113
1113 1116
1116 1117
1117 1120
1120 1123
1123 1125
1125 1124
1124 1
1 3
3 5
5 6
987 988
988 1001
1098 1110
1110 1111
1111 1112
18 197
197 21
21 22
185 186
186 204
204 191
191 192
192 296
296 210
210 222
222 209
209 234
1037 315
911 1065
1065 1071
1071 411
411 2
356 401
401 407
407 410
410 412
412 414
414 416
416 427
427 438
438 439
439 520
520 541
541 586
586 660
660 728
728 817
817 104
101 103
103 236
236 58
58 211
211 245
245 239
239 463
463 482
482 467
467 473
473 512
92 116
116 125
125 235
472 480
480 1000
1000 998
998 999
28 29
29 617
1086 1090
1090 1095
1106 1126
1126 84
711 731
731 756
756 772
772 785
785 796
1010 889
889 922
922 931
931 942
942 966
966 983
330 331
331 373
373 375
375 374
374 1055
1055 996
996 376
376 377
1049 850
850 1069
1069 205
205 241
241 852
278 275
275 273
273 280
280 279
279 257
257 268
268 54
54 281
281 313
313 289
289 302
302 290
290 461
461 243
243 240
240 459
459 188
188 187
187 560
560 522
522 525
525 549
549 428
229 283
283 1097
1097 1083
17 1122
1122 201
201 138
1115 218
218 139
139 151
151 264
264 208
254 255
255 256
260 262
262 266
378 380
380 288
532 533
533 389
389 391
391 393
393 392
392 419
419 420
420 442
442 443
443 529
529 8
8 444
444 445
445 447
447 448
448 449
449 450
450 501
501 496
496 498
498 499
499 530
530 531
531 308
308 309
309 311
311 365
365 409
409 415
415 366
366 372
372 370
370 601
601 605
1063 503
503 539
539 563
563 632
632 591
591 483
446 479
479 424
424 464
387 418
418 433
433 436
562 567
567 564
564 569
569 566
566 568
568 572
572 570
570 571
622 635
635 626
626 637
306 371
371 367
162 666
666 558
558 755
827 869
869 810
800 806
806 668
826 828
828 829
829 838
838 23
23 839
839 840
840 844
844 846
846 847
847 907
907 908
908 918
918 920
920 921
921 878
878 879
879 880
880 881
881 890
890 639
639 426
783 759
759 843
843 841
836 727
727 915
164 540
540 547
547 578
425 430
430 462
402 7
7 168
168 202
202 864
864 865
865 868
868 867
867 492
492 576
576 609
609 543
543 546
546 184
704 705
705 594
594 595
595 593
593 596
334 413
413 398
398 1103
1103 1100
1100 14
14 122
228 223
223 265
265 822
822 823
823 824
1036 574
574 845
845 1062
1062 1056
1056 837
295 298
298 196
196 195
906 917
917 888
888 892
892 928
928 926
926 885
885 898
898 884
884 951
951 965
965 975
975 914
914 927
927 1105
1105 924
1054 1053
768 771
834 789
789 795
85 1038
1038 1006
1006 1012
1012 165
165 171
171 1052
1052 1044
1044 732
732 725
725 718
718 746
746 738
738 830
830 1051
1051 65
618 1077
1077 638
1092 1094
1094 1096
152 1091
1091 1031
1031 252
252 149
149 316
316 318
318 180
180 144
144 145
145 142
142 53
53 47
47 363
363 360
40 43
43 359
359 55
1121 1114
1114 1118
923 925
925 876
876 957
81 1088
69 70
70 71
71 72
1045 68
175 176
176 177
177 178
178 179
179 181
181 182
182 183
328 329
329 335
335 337
337 339
339 340
340 338
338 336
336 341
341 344
344 346
346 343
343 345
345 347
347 348
508 510
510 511
511 513
872 873
873 874
874 875
875 877
877 882
882 870
870 871
886 887
887 893
893 894
894 896
896 900
900 895
895 901
901 691
691 909
909 695
31 352
212 206
206 213
213 214
214 1060
1060 1061
1061 219
219 220
220 221
221 225
465 581
581 916
250 536
203 267
952 1102
1102 683
683 681
681 675
733 939
939 434
434 251
441 631
477 613
613 614
614 687
687 615
272 628
476 0
0 661
661 662
662 664
664 665
665 663
663 670
670 671
671 672
672 673
673 680
680 689
689 690
690 131
120 700
700 624
602 974
974 291
291 600
600 682
682 943
943 937
937 719
719 394
394 1101
583 408
408 150
1035 735
735 321
1082 1085
1085 1089
1089 1011
1011 1040
1040 981
831 698
859 858
379 551
551 9
848 863
863 1009
1009 1024
1024 883
883 905
905 119
119 160
160 934
934 159
159 167
167 936
936 216
216 948
948 248
248 964
964 968
968 404
404 991
897 406
406 269
598 270
